46.997903, 25.925483
46.997936, 25.925485
46.997907, 25.925464
46.997891, 25.925431
46.997867, 25.925402
46.99784, 25.925378
46.997817, 25.925331
46.997791, 25.92529
46.99776, 25.92528
46.997722, 25.925249
46.997693, 25.925218
46.997667, 25.925162
46.99762, 25.925142
46.997589, 25.925137
46.99756, 25.925121
46.997517, 25.925133
46.997485, 25.925146
46.997469, 25.92518
46.997445, 25.925233
46.997448, 25.925294
46.997465, 25.925341
46.997485, 25.92537
46.997475, 25.925424
46.997455, 25.925457
46.997441, 25.9255
46.997433, 25.92555
46.997449, 25.925588
46.997466, 25.925626
46.997468, 25.925668
46.997477, 25.92572
46.99748, 25.925763
46.997473, 25.925812
46.997479, 25.925858
46.997499, 25.925889
46.997519, 25.925925
46.99753, 25.925962
46.997544, 25.926012
46.997549, 25.926054
46.997553, 25.926102
46.997572, 25.926137
46.997576, 25.926179
46.997525, 25.926214
46.997492, 25.926252
46.997464, 25.926276
46.997462, 25.926327
46.997478, 25.926369
46.99749, 25.926421
46.997492, 25.926463
46.997511, 25.926495
46.997513, 25.926535
46.99751, 25.926578
46.9975, 25.92664
46.997483, 25.926673
46.99749, 25.926719
46.997491, 25.926759
46.997504, 25.926801
46.997502, 25.926854
46.997498, 25.926894
46.997511, 25.926938
46.997514, 25.926988
46.997518, 25.927027
46.997527, 25.927087
46.997537, 25.927134
46.997548, 25.927192
46.997549, 25.927252
46.997553, 25.927291
46.997567, 25.927349
46.99758, 25.927399
46.997582, 25.927439
46.997585, 25.927489
46.99759, 25.92754
46.997572, 25.927601
46.997562, 25.927642
46.99756, 25.927684
46.997533, 25.927693
46.997451, 25.928153
46.997424, 25.928173
46.997476, 25.928181
46.997495, 25.928217
46.997506, 25.928257
46.997519, 25.928297
46.997536, 25.928344
46.997526, 25.928387
46.997544, 25.928419
46.997562, 25.928459
46.997573, 25.928507
46.997586, 25.928551
46.997597, 25.928594
46.997613, 25.928627
46.997617, 25.928675
46.997611, 25.928721
46.9976, 25.928769
46.997613, 25.928825
46.997619, 25.928869
46.997624, 25.928912
46.997638, 25.928959
46.997637, 25.929009
46.997628, 25.929057
46.997615, 25.929092
46.997607, 25.929131
46.997606, 25.929189
46.997614, 25.929247
46.997614, 25.929293
46.997595, 25.929332
46.997574, 25.929362
46.997561, 25.929406
46.997543, 25.929447
46.997556, 25.929502
46.997537, 25.929547
46.997528, 25.929586
46.997526, 25.929648
46.997519, 25.929698
46.997515, 25.929737
46.997509, 25.929777
46.997511, 25.929825
46.997508, 25.929867
46.997497, 25.929911
46.997497, 25.929955
46.997505, 25.930007
46.99749, 25.930044
46.997485, 25.930083
46.997484, 25.930128
46.99748, 25.930192
46.997483, 25.930239
46.997484, 25.930284
46.997476, 25.930322
46.997483, 25.930362
46.997494, 25.930415
46.997496, 25.930462
46.997524, 25.930501
46.997529, 25.930555
46.997539, 25.930599
46.997562, 25.93063
46.997581, 25.930663
46.997606, 25.930697
46.99763, 25.930721
46.99765, 25.930758
46.997655, 25.930797
46.997652, 25.930845
46.99766, 25.930888
46.997673, 25.930929
46.997703, 25.930919
46.997731, 25.93094
46.997757, 25.93096
46.997784, 25.930977
46.997811, 25.930974
46.997837, 25.93099
46.997862, 25.931004
46.997886, 25.931028
46.99792, 25.93104
46.997948, 25.931055
46.997966, 25.931084
46.997992, 25.931117
46.997997, 25.931159
46.998008, 25.931196
46.998034, 25.931238
46.998041, 25.93128
46.998043, 25.931326
46.998045, 25.931373
46.998058, 25.931408
46.998074, 25.931456
46.99809, 25.931495
46.998119, 25.931489
46.998148, 25.931512
46.998167, 25.931551
46.998205, 25.931574
46.99823, 25.931598
46.998249, 25.931629
46.998264, 25.931669
46.998289, 25.931701
46.998317, 25.931727
46.99834, 25.931755
46.998366, 25.931769
46.998379, 25.931804
46.998378, 25.931844
46.998378, 25.931885
46.998404, 25.931905
46.998441, 25.931932
46.998476, 25.931943
46.998491, 25.931979
46.998492, 25.932021
46.998498, 25.932067
46.998516, 25.932104
46.998534, 25.93214
46.998546, 25.932184
46.998575, 25.9322
46.998606, 25.932221
46.998627, 25.932247
46.998618, 25.932284
46.998616, 25.932328
46.99862, 25.932373
46.998649, 25.932399
46.998671, 25.932425
46.998682, 25.932469
46.998709, 25.932508
46.998731, 25.932535
46.998751, 25.932568
46.998772, 25.932596
46.99881, 25.932631
46.998825, 25.932673
46.998837, 25.932711
46.998844, 25.932751
46.998851, 25.93279
46.998869, 25.932834
46.998887, 25.932881
46.9989, 25.932925
46.998906, 25.932964
46.998885, 25.932993
46.998853, 25.932969
46.998834, 25.933001
46.998807, 25.93302
46.998782, 25.933057
46.998775, 25.933102
46.99877, 25.933143
46.998744, 25.933174
46.998763, 25.933228
46.998771, 25.933266
46.998761, 25.933324
46.998764, 25.933383
46.998761, 25.933434
46.998767, 25.933482
46.998778, 25.933522
46.998795, 25.93356
46.998791, 25.93361
46.998786, 25.933654
46.998802, 25.93369
46.998798, 25.933729
46.998796, 25.933771
46.998788, 25.933819
46.998785, 25.93386
46.998764, 25.933896
46.998748, 25.933931
46.998716, 25.933967
46.998719, 25.934007
46.998726, 25.934049
46.998718, 25.934088
46.998721, 25.934137
46.998719, 25.9342
46.998736, 25.934233
46.998756, 25.93428
46.998755, 25.934323
46.998742, 25.934375
46.99875, 25.934417
46.998747, 25.934461
46.998741, 25.934502
46.998759, 25.934549
46.998777, 25.93459
46.998784, 25.934634
46.99878, 25.934679
46.998772, 25.934744
46.998773, 25.934784
46.998772, 25.934838
46.998762, 25.934888
46.998765, 25.93495
46.998767, 25.935003
46.99877, 25.935046
46.998796, 25.935064
46.998806, 25.935106
46.998819, 25.935145
46.998819, 25.935187
46.99881, 25.935233
46.9988, 25.935279
46.998817, 25.935312
46.998827, 25.935353
46.998834, 25.935393
46.998833, 25.935439
46.998834, 25.935487
46.998843, 25.935528
46.998853, 25.935572
46.998848, 25.935612
46.998838, 25.93566
46.998824, 25.9357
46.998824, 25.935745
46.998817, 25.935793
46.998819, 25.935839
46.998797, 25.935866
46.998788, 25.935911
46.998782, 25.935956
46.998776, 25.936001
46.998768, 25.936044
46.998757, 25.936081
46.998749, 25.936119
46.998732, 25.936156
46.998719, 25.936192
46.998701, 25.936231
46.99868, 25.936277
46.998673, 25.93632
46.998662, 25.936358
46.998641, 25.936395
46.998622, 25.93643
46.998626, 25.936471
46.998632, 25.936513
46.998614, 25.936549
46.998605, 25.936588
46.998619, 25.93664
46.998625, 25.936689
46.998649, 25.936712
46.998642, 25.936752
46.998653, 25.93679
46.998666, 25.93683
46.99867, 25.93687
46.99869, 25.936899
46.998682, 25.936953
46.998671, 25.936994
46.99866, 25.937047
46.998646, 25.937087
46.998627, 25.937116
46.998637, 25.937159
46.998648, 25.937199
46.998662, 25.937235
46.998669, 25.937276
46.998674, 25.937317
46.998684, 25.937356
46.998704, 25.937398
46.998727, 25.937424
46.998733, 25.937466
46.998731, 25.937506
46.99871, 25.937536
46.998696, 25.937579
46.998715, 25.937617
46.998715, 25.937658
46.998729, 25.937698
46.998737, 25.937739
46.99873, 25.937778
46.998721, 25.937829
46.998721, 25.937869
46.998693, 25.937901
46.998662, 25.937912
46.998625, 25.937915
46.998633, 25.93796
46.998612, 25.937987
46.998607, 25.938027
46.998625, 25.938063
46.998618, 25.938117
46.998628, 25.938159
46.99864, 25.9382
46.998642, 25.938244
46.998614, 25.938263
46.998614, 25.938305
46.998619, 25.938348
46.998628, 25.93839
46.998647, 25.938436
46.998666, 25.93847
46.998681, 25.938506
46.998688, 25.938547
46.998701, 25.938585
46.998716, 25.938619
46.998722, 25.938658
46.998706, 25.938691
46.998703, 25.938732
46.998688, 25.93877
46.998707, 25.938809
46.998707, 25.938859
46.998675, 25.938875
46.998673, 25.938927
46.998682, 25.938967
46.998694, 25.939006
46.99872, 25.939028
46.998731, 25.939065
46.998738, 25.939104
46.99876, 25.939132
46.998792, 25.939133
46.998804, 25.939173
46.998831, 25.9392
46.998844, 25.939244
46.998851, 25.939289
46.998859, 25.939332
46.998886, 25.939397
46.998906, 25.939436
46.998922, 25.939469
46.998933, 25.939506
46.998953, 25.939542
46.998965, 25.939583
46.998967, 25.939623
46.99897, 25.939663
46.998984, 25.939706
46.999001, 25.93975
46.999015, 25.939784
46.999011, 25.939838
46.999034, 25.939877
46.999051, 25.939909
46.999067, 25.939942
46.99908, 25.939983
46.999084, 25.940026
46.99909, 25.940071
46.999102, 25.940113
46.999113, 25.94016
46.999117, 25.940212
46.999111, 25.940252
46.999109, 25.940294
46.999088, 25.94033
46.999076, 25.940368
46.999058, 25.9404
46.999068, 25.940437
46.999076, 25.940476
46.9991, 25.940503
46.999113, 25.940544
46.999121, 25.940589
46.999129, 25.940629
46.999141, 25.940669
46.999116, 25.940703
46.9991, 25.940736
46.999086, 25.940783
46.999094, 25.940834
46.999088, 25.940888
46.999103, 25.940923
46.999083, 25.940968
46.999078, 25.941008
46.999092, 25.941054
46.999101, 25.941095
46.999075, 25.941136
46.999062, 25.941182
46.999077, 25.941226
46.999085, 25.94127
46.999097, 25.941309
46.999101, 25.941349
46.999102, 25.941389
46.999071, 25.941435
46.999054, 25.941476
46.999036, 25.941518
46.999024, 25.94156
46.999017, 25.9416
46.999021, 25.941656
46.998999, 25.941696
46.999001, 25.941743
46.998979, 25.941777
46.998945, 25.94179
46.998935, 25.941834
46.998918, 25.941864
46.998914, 25.941909
46.998902, 25.941946
46.998881, 25.94201
46.998909, 25.942048
46.998898, 25.942089
46.998911, 25.942132
46.998914, 25.942172
46.998916, 25.942215
46.998905, 25.942266
46.998906, 25.942313
46.9989, 25.942362
46.99888, 25.942391
46.998864, 25.942424
46.99888, 25.942474
46.99888, 25.942521
46.99889, 25.942564
46.99889, 25.942606
46.998883, 25.942649
46.998877, 25.942692
46.99887, 25.94274
46.998879, 25.942789
46.998875, 25.942833
46.998863, 25.942871
46.998868, 25.942912
46.998878, 25.942952
46.998877, 25.942994
46.99889, 25.943046
46.998884, 25.943093
46.998893, 25.943139
46.998892, 25.943188
46.998914, 25.943234
46.998898, 25.943287
46.998892, 25.943327
46.998881, 25.943378
46.998871, 25.943416
46.998848, 25.943459
46.998846, 25.943502
46.998868, 25.943537
46.998867, 25.943583
46.998859, 25.943621
46.99884, 25.943653
46.998817, 25.943684
46.998824, 25.943723
46.99883, 25.94379
46.998824, 25.94383
46.998806, 25.94386
46.998781, 25.943873
46.998751, 25.943889
46.998735, 25.943925
46.99873, 25.943966
46.998707, 25.943989
46.998695, 25.944029
46.998679, 25.944064
46.998659, 25.944098
46.998652, 25.944141
46.998633, 25.944173
46.998607, 25.944198
46.998591, 25.944231
46.998571, 25.94427
46.998542, 25.944295
46.998512, 25.944288
46.998485, 25.944279
46.998437, 25.944298
46.99843, 25.944337
46.998405, 25.944358
46.998411, 25.944409
46.998417, 25.94445
46.998414, 25.944497
46.998418, 25.944543
46.998398, 25.944572
46.998394, 25.944612
46.998385, 25.94465
46.998358, 25.944668
46.998351, 25.944706
46.998334, 25.944738
46.998299, 25.944746
46.998285, 25.944797
46.99829, 25.944843
46.998278, 25.94488
46.998291, 25.944932
46.998301, 25.944971
46.998312, 25.945023
46.998327, 25.945063
46.998304, 25.945089
46.998345, 25.945141
46.998381, 25.945146
46.998407, 25.945137
46.998391, 25.945169
46.998377, 25.945204
46.998389, 25.945244
46.998367, 25.945269
46.998343, 25.945288
46.99834, 25.945343
46.998349, 25.945391
46.99837, 25.94548
46.998347, 25.945506
46.998317, 25.945505
46.998293, 25.945524
46.998282, 25.94561
46.99827, 25.945651
46.998247, 25.945685
46.998232, 25.945719
46.998196, 25.945724
46.99817, 25.945746
46.998159, 25.945789
46.998152, 25.94585
46.998159, 25.945894
46.998134, 25.945911
46.998116, 25.945948
46.998088, 25.945954
46.998067, 25.945982
46.998037, 25.945993
46.998011, 25.945979
46.998015, 25.946022
46.998031, 25.946056
46.998068, 25.946069
46.998098, 25.94608
46.998128, 25.946104
46.998146, 25.946139
46.998118, 25.946138
46.998087, 25.946157
46.998101, 25.946201
46.998106, 25.946251
46.998079, 25.946258
46.998083, 25.946299
46.998065, 25.946335
46.998073, 25.946388
46.998072, 25.946436
46.998099, 25.94647
46.998085, 25.946505
46.998078, 25.946544
46.998102, 25.946571
46.998126, 25.946593
46.99815, 25.946568
46.998182, 25.946588
46.998206, 25.946609
46.998234, 25.946613
46.99827, 25.946614
46.998274, 25.946661
46.998283, 25.946701
46.998268, 25.946734
46.998267, 25.94678
46.998261, 25.946822
46.998243, 25.946872
46.998226, 25.946904
46.998208, 25.946945
46.998182, 25.946955
46.998152, 25.946968
46.998136, 25.947002
46.998142, 25.947049
46.998153, 25.947085
46.998141, 25.947123
46.998117, 25.947168
46.998104, 25.947205
46.998125, 25.947237
46.998152, 25.947257
46.99818, 25.947263
46.998207, 25.947276
46.998233, 25.947302
46.998217, 25.947335
46.998248, 25.947338
46.998272, 25.947364
46.998297, 25.94738
46.998331, 25.947392
46.998358, 25.947389
46.998389, 25.947389
46.998421, 25.947372
46.998433, 25.947412
46.998465, 25.947407
46.998493, 25.947395
46.998528, 25.947411
46.998556, 25.94742
46.998585, 25.947405
46.998613, 25.947387
46.998651, 25.947375
46.998675, 25.947356
46.998704, 25.947344
46.998737, 25.947342
46.998753, 25.947375
46.99876, 25.947415
46.998794, 25.947428
46.998825, 25.947418
46.998854, 25.947389
46.998882, 25.947378
46.998912, 25.94741
46.998939, 25.947436
46.998966, 25.947448
46.998995, 25.947455
46.999023, 25.947454
46.999032, 25.947414
46.99906, 25.947416
46.999089, 25.947429
46.999057, 25.947414
46.999024, 25.947406
46.999033, 25.947361
46.999036, 25.947306
46.999034, 25.947265
46.999036, 25.947311
46.999006, 25.947351
46.998969, 25.947345
46.998955, 25.947382
46.998947, 25.947434
46.998944, 25.947364
46.998934, 25.947401
46.998928, 25.947363
46.998936, 25.947315
46.998959, 25.947337
46.998981, 25.947362
46.999005, 25.947522
46.999012, 25.947476
46.999005, 25.947436
46.999001, 25.947396
46.998974, 25.9474
46.998946, 25.947426
46.998921, 25.947442
46.99889, 25.947429
46.998883, 25.94747
46.998881, 25.947429
46.998888, 25.947477
46.998887, 25.947521
46.998884, 25.947568
46.998871, 25.947604
46.998859, 25.947642
46.998832, 25.94766
46.998804, 25.947641
46.998772, 25.947634
46.998739, 25.947645
46.99877, 25.947648
46.998795, 25.947663
46.998822, 25.947686
46.998814, 25.947737
46.998832, 25.947775
46.998832, 25.947815
46.998861, 25.947816
46.998894, 25.947817
46.99892, 25.947828
46.998952, 25.947848
46.998982, 25.947841
46.999002, 25.947869
46.999031, 25.947883
46.999041, 25.947925
46.999058, 25.94796
46.999073, 25.948005
46.999076, 25.948046
46.999062, 25.948098
46.999089, 25.948112
46.999113, 25.948133
46.99911, 25.948178
46.999091, 25.948221
46.999064, 25.948245
46.99905, 25.948291
46.999029, 25.948327
46.999025, 25.948366
46.999, 25.948387
46.998988, 25.948423
46.998974, 25.948465
46.998964, 25.948502
46.998954, 25.948539
46.998955, 25.948586
46.998949, 25.948628
46.998931, 25.948666
46.998928, 25.948713
46.99892, 25.948755
46.998899, 25.948781
46.998874, 25.948805
46.998847, 25.948836
46.99883, 25.948868
46.998813, 25.9489
46.998807, 25.948953
46.998787, 25.948986
46.998779, 25.949039
46.998761, 25.949068
46.998752, 25.949114
46.998746, 25.949162
46.998744, 25.949202
46.998717, 25.949195
46.998717, 25.949235
46.998684, 25.94926
46.998656, 25.949259
46.998648, 25.9493
46.998632, 25.949333
46.998615, 25.949369
46.998603, 25.949405
46.998609, 25.949444
46.998582, 25.949468
46.998562, 25.949501
46.998576, 25.949573
46.998569, 25.949615
46.998542, 25.949634
46.998512, 25.949626
46.99849, 25.949652
46.998479, 25.949694
46.998458, 25.949724
46.998432, 25.949746
46.998401, 25.949758
46.998371, 25.949754
46.998347, 25.949777
46.998332, 25.949853
46.998318, 25.949889
46.998287, 25.9499
46.998277, 25.949937
46.998257, 25.949977
46.998236, 25.950007
46.998219, 25.950039
46.998177, 25.950042
46.998154, 25.950067
46.998132, 25.95009
46.998121, 25.950131
46.998118, 25.950176
46.998097, 25.950223
46.998067, 25.950238
46.99805, 25.95027
46.998045, 25.95031
46.998028, 25.95035
46.998, 25.950369
46.997988, 25.950411
46.997959, 25.95041
46.997932, 25.950429
46.997906, 25.950456
46.997879, 25.95047
46.997856, 25.95049
46.997831, 25.950511
46.997797, 25.950513
46.997776, 25.950543
46.997748, 25.95055
46.997734, 25.950599
46.997717, 25.950629
46.997693, 25.950652
46.997665, 25.950669
46.997636, 25.950676
46.997594, 25.950663
46.997561, 25.950676
46.997534, 25.950687
46.997511, 25.950716
46.997477, 25.950718
46.997452, 25.950737
46.997422, 25.950727
46.997409, 25.950766
46.997376, 25.950753
46.997341, 25.950762
46.997312, 25.950779
46.997282, 25.950795
46.997252, 25.95081
46.997225, 25.950802
46.997192, 25.950799
46.997162, 25.950794
46.997126, 25.950784
46.997096, 25.950771
46.997061, 25.950762
46.997027, 25.950746
46.996999, 25.950754
46.996964, 25.950725
46.996934, 25.950737
46.996903, 25.950747
46.996867, 25.950758
46.996833, 25.950757
46.996804, 25.950746
46.996768, 25.950739
46.996738, 25.950737
46.996708, 25.950749
46.996682, 25.950769
46.996645, 25.950767
46.996613, 25.950779
46.996582, 25.950782
46.996543, 25.950766
46.99652, 25.950795
46.996487, 25.950795
46.99646, 25.9508
46.996423, 25.950807
46.996396, 25.950808
46.996394, 25.950858
46.996361, 25.950848
46.996328, 25.950882
46.996301, 25.950897
46.996274, 25.950903
46.996245, 25.950907
46.996226, 25.950942
46.996199, 25.950954
46.996175, 25.950986
46.996139, 25.950982
46.996098, 25.950991
46.996072, 25.951003
46.99604, 25.950999
46.996008, 25.951014
46.995978, 25.951016
46.995943, 25.951021
46.995915, 25.951021
46.995889, 25.951035
46.995863, 25.951049
46.995838, 25.951069
46.995806, 25.95108
46.995773, 25.951092
46.995742, 25.951082
46.99571, 25.951074
46.995679, 25.951099
46.995646, 25.951105
46.995613, 25.951115
46.995582, 25.9511
46.995554, 25.951105
46.995513, 25.951106
46.995472, 25.951114
46.995435, 25.951114
46.995405, 25.951134
46.995366, 25.951125
46.995336, 25.951124
46.995294, 25.951118
46.995265, 25.95109
46.995233, 25.951098
46.995195, 25.95109
46.995173, 25.951117
46.995141, 25.951147
46.99511, 25.951122
46.99508, 25.951114
46.995051, 25.951103
46.995021, 25.951105
46.994996, 25.951124
46.994965, 25.951137
46.994927, 25.951142
46.9949, 25.951166
46.994877, 25.951186
46.994851, 25.951208
46.994807, 25.951243
46.994777, 25.951253
46.994743, 25.951258
46.994707, 25.951254
46.994675, 25.95128
46.994645, 25.951286
46.994609, 25.951277
46.994581, 25.951264
46.994548, 25.95125
46.99452, 25.951239
46.994491, 25.951212
46.994463, 25.951208
46.994431, 25.951218
46.994401, 25.951223
46.994358, 25.951207
46.994321, 25.951182
46.994291, 25.951169
46.994247, 25.951157
46.994214, 25.951141
46.994173, 25.951114
46.994143, 25.951095
46.994115, 25.951082
46.994093, 25.951115
46.994058, 25.951109
46.994029, 25.951095
46.993993, 25.951067
46.993963, 25.951042
46.993935, 25.951022
46.993906, 25.951012
46.993879, 25.951017
46.993851, 25.951029
46.993823, 25.951016
46.993803, 25.951044
46.993774, 25.951079
46.993756, 25.951128
46.993733, 25.951153
46.993719, 25.951187
46.993701, 25.951218
46.993665, 25.951237
46.993634, 25.95124
46.993604, 25.951264
46.993583, 25.95129
46.993556, 25.951306
46.993521, 25.951324
46.993492, 25.95137
46.993472, 25.951405
46.993453, 25.951461
46.99342, 25.95147
46.993387, 25.9515
46.993374, 25.951545
46.993339, 25.951562
46.993306, 25.951565
46.993274, 25.951593
46.993245, 25.95161
46.993214, 25.951632
46.993178, 25.951651
46.993147, 25.95168
46.993119, 25.951701
46.993083, 25.951723
46.993046, 25.951741
46.993016, 25.951758
46.992988, 25.951776
46.992958, 25.951785
46.992932, 25.951812
46.992893, 25.951808
46.992859, 25.951823
46.992838, 25.951851
46.992816, 25.951878
46.992791, 25.951896
46.992761, 25.951904
46.992734, 25.951921
46.992708, 25.951935
46.992683, 25.95195
46.992654, 25.951949
46.992622, 25.95197
46.992593, 25.951971
46.992567, 25.952001
46.992537, 25.952024
46.992513, 25.952045
46.992479, 25.952043
46.992448, 25.952026
46.992421, 25.952027
46.99239, 25.952017
46.99235, 25.952002
46.992316, 25.951994
46.992275, 25.951983
46.992244, 25.951973
46.992213, 25.951966
46.992184, 25.951966
46.992156, 25.951965
46.992121, 25.951973
46.992089, 25.95195
46.992055, 25.951936
46.992022, 25.951949
46.991984, 25.951945
46.991944, 25.951944
46.991915, 25.951924
46.991886, 25.951933
46.991856, 25.951948
46.991822, 25.951957
46.991789, 25.951948
46.991764, 25.951933
46.991728, 25.951902
46.991701, 25.951896
46.991677, 25.951874
46.991648, 25.951855
46.991621, 25.951837
46.991593, 25.951831
46.991566, 25.951815
46.991551, 25.951777
46.991523, 25.95177
46.991485, 25.951798
46.991457, 25.951797
46.991423, 25.951778
46.991417, 25.951822
46.991397, 25.951868
46.991375, 25.951903
46.991345, 25.951921
46.991318, 25.951936
46.991291, 25.951937
46.991261, 25.951927
46.991252, 25.951966
46.99126, 25.952026
46.991248, 25.95207
46.991237, 25.952107
46.99122, 25.952146
46.991197, 25.952188
46.991179, 25.952233
46.991174, 25.952275
46.991156, 25.95231
46.991146, 25.952349
46.991133, 25.952387
46.991122, 25.95243
46.991095, 25.952462
46.991078, 25.952499
46.991065, 25.952534
46.991051, 25.95257
46.991028, 25.952604
46.991014, 25.95265
46.991002, 25.952714
46.990985, 25.952748
46.990966, 25.952787
46.990946, 25.952828
46.990931, 25.952863
46.990916, 25.95291
46.990906, 25.952959
46.990889, 25.953005
46.990867, 25.953045
46.990852, 25.953086
46.990837, 25.953136
46.99082, 25.953173
46.990815, 25.953218
46.990806, 25.95326
46.990788, 25.953289
46.990763, 25.95333
46.990744, 25.95336
46.990732, 25.953396
46.99071, 25.953448
46.990698, 25.953484
46.990695, 25.953532
46.990678, 25.953576
46.990647, 25.953612
46.990629, 25.953641
46.990597, 25.953654
46.990583, 25.95369
46.990554, 25.953712
46.990538, 25.953761
46.990525, 25.953803
46.990503, 25.953845
46.990476, 25.953866
46.990472, 25.953905
46.990443, 25.953908
46.990428, 25.953947
46.990403, 25.953968
46.990377, 25.953984
46.990371, 25.954023
46.990342, 25.954017
46.990336, 25.954057
46.990319, 25.954105
46.990297, 25.95413
46.990273, 25.954151
46.990249, 25.954174
46.990225, 25.954209
46.990196, 25.954213
46.990187, 25.954258
46.990167, 25.954287
46.990139, 25.954298
46.990115, 25.954319
46.990087, 25.954346
46.990108, 25.954372
46.990087, 25.954405
46.99006, 25.954417
46.990037, 25.954439
46.990012, 25.954455
46.989984, 25.954464
46.989958, 25.954456
46.989934, 25.954493
46.989927, 25.954532
46.989938, 25.95457
46.989917, 25.954598
46.9899, 25.954635
46.989889, 25.954673
46.989864, 25.95471
46.989835, 25.954714
46.989817, 25.954744
46.989788, 25.95475
46.989757, 25.954731
46.989729, 25.954719
46.989715, 25.95477
46.989737, 25.954801
46.989725, 25.954849
46.989697, 25.954855
46.989674, 25.954883
46.989657, 25.954917
46.989635, 25.954947
46.989625, 25.954989
46.989603, 25.955013
46.989584, 25.95505
46.989577, 25.955088
46.989559, 25.955123
46.989548, 25.955162
46.989557, 25.955203
46.989523, 25.955205
46.989489, 25.955232
46.989458, 25.955226
46.989448, 25.955263
46.989424, 25.955237
46.989418, 25.955295
46.989413, 25.955342
46.989375, 25.955364
46.989366, 25.95541
46.989357, 25.955448
46.989347, 25.95549
46.989325, 25.955515
46.989296, 25.95554
46.989287, 25.955586
46.98927, 25.955619
46.989268, 25.955659
46.989243, 25.955683
46.989215, 25.955693
46.989188, 25.955719
46.989166, 25.955743
46.989139, 25.955762
46.989116, 25.955786
46.989088, 25.955789
46.989068, 25.955819
46.989063, 25.955864
46.989039, 25.955902
46.98904, 25.955946
46.98901, 25.95597
46.988981, 25.955968
46.988992, 25.956007
46.988992, 25.95605
46.988996, 25.956091
46.98897, 25.9561
46.988943, 25.956126
46.988918, 25.956152
46.988883, 25.956158
46.988879, 25.956204
46.988846, 25.956216
46.98882, 25.95623
46.988791, 25.95625
46.988797, 25.956291
46.988794, 25.956334
46.988815, 25.956366
46.988834, 25.956403
46.988832, 25.956447
46.988845, 25.95649
46.988842, 25.956534
46.988845, 25.956578
46.988828, 25.956612
46.98883, 25.956652
46.988803, 25.956673
46.988794, 25.956716
46.988778, 25.956761
46.988779, 25.95681
46.988772, 25.956849
46.988742, 25.956853
46.988723, 25.956882
46.988702, 25.956913
46.988665, 25.956927
46.988638, 25.956946
46.988613, 25.956981
46.988589, 25.957016
46.988564, 25.957036
46.988544, 25.957066
46.98851, 25.957081
46.988492, 25.957111
46.988474, 25.957145
46.988448, 25.957163
46.988421, 25.957177
46.988402, 25.957208
46.98837, 25.957229
46.988344, 25.957244
46.988328, 25.957276
46.988296, 25.95728
46.98827, 25.957268
46.988261, 25.957227
46.988254, 25.957183
46.988243, 25.957147
46.988237, 25.957105
46.988205, 25.957065
46.988182, 25.957036
46.988147, 25.957069
46.988122, 25.95709
46.988089, 25.957077
46.988068, 25.957105
46.988065, 25.95715
46.988025, 25.957147
46.988017, 25.957189
46.987988, 25.957197
46.987963, 25.957229
46.987929, 25.957241
46.987895, 25.957253
46.987866, 25.957265
46.987879, 25.957299
46.987862, 25.957333
46.987874, 25.957371
46.987849, 25.957388
46.987821, 25.957416
46.987796, 25.957438
46.987771, 25.957472
46.987745, 25.957491
46.987718, 25.957503
46.987705, 25.957548
46.987677, 25.95758
46.987649, 25.957601
46.987626, 25.957627
46.987622, 25.957671
46.987604, 25.957705
46.987572, 25.957729
46.987547, 25.957751
46.98752, 25.957771
46.987491, 25.957782
46.987458, 25.957797
46.98743, 25.957817
46.987403, 25.957852
46.987376, 25.957865
46.98735, 25.957893
46.987328, 25.957918
46.987308, 25.957947
46.987288, 25.957977
46.98728, 25.958017
46.987251, 25.95802
46.987225, 25.957999
46.987199, 25.957983
46.98721, 25.957946
46.987196, 25.957905
46.987171, 25.957887
46.987143, 25.957878
46.987153, 25.957831
46.987144, 25.957787
46.987154, 25.957738
46.987164, 25.957698
46.987145, 25.957668
46.987151, 25.957627
46.987124, 25.957587
46.987109, 25.957551
46.987082, 25.957564
46.987052, 25.957608
46.987032, 25.957636
46.987004, 25.95765
46.986977, 25.957666
46.986956, 25.957697
46.986946, 25.957749
46.986918, 25.957774
46.986891, 25.957801
46.986873, 25.957851
46.986865, 25.957891
46.986831, 25.957895
46.986817, 25.957946
46.9868, 25.957986
46.986788, 25.958037
46.986773, 25.95812
46.986765, 25.958162
46.986764, 25.958203
46.986738, 25.958228
46.986716, 25.958266
46.986696, 25.958303
46.986666, 25.958307
46.986673, 25.958349
46.986663, 25.958395
46.986641, 25.958421
46.986626, 25.958458
46.9866, 25.958485
46.986595, 25.958531
46.986581, 25.958566
46.986551, 25.958564
46.986517, 25.958563
46.986495, 25.958587
46.986468, 25.958575
46.986447, 25.958544
46.986409, 25.958527
46.986391, 25.958488
46.986364, 25.958463
46.986344, 25.958432
46.986314, 25.958393
46.986288, 25.958366
46.986263, 25.958348
46.98623, 25.958351
46.986201, 25.958344
46.986172, 25.958362
46.986147, 25.958381
46.986117, 25.958394
46.986089, 25.958423
46.986062, 25.958455
46.986032, 25.958456
46.985992, 25.95847
46.985994, 25.958518
46.985997, 25.95856
46.985996, 25.958608
46.986008, 25.958649
46.986025, 25.958692
46.986024, 25.958744
46.986002, 25.958797
46.985989, 25.958832
46.98596, 25.958837
46.985942, 25.958869
46.98591, 25.958884
46.985884, 25.958902
46.98591, 25.958891
46.985942, 25.958873
46.98595, 25.958828
46.985962, 25.958784
46.985963, 25.958743
46.985966, 25.958691
46.98597, 25.95864
46.985978, 25.958601
46.985974, 25.958556
46.985982, 25.958502
46.985967, 25.958468
46.985946, 25.958432
46.985935, 25.958385
46.985909, 25.958396
46.985885, 25.958415
46.985914, 25.958415
46.985941, 25.958406
46.985938, 25.958454
46.985936, 25.95841
46.98592, 25.958378
46.985885, 25.95835
46.985902, 25.958316
46.985887, 25.958275
46.985858, 25.958263
46.985852, 25.95822
46.985829, 25.958196
46.985801, 25.958179
46.985767, 25.958179
46.985742, 25.958164
46.985713, 25.958138
46.985705, 25.9581
46.985703, 25.958052
46.985681, 25.958017
46.985657, 25.957999
46.985628, 25.957984
46.985598, 25.957961
46.985568, 25.957933
46.985539, 25.957902
46.985511, 25.957897
46.985486, 25.95787
46.985461, 25.957848
46.985448, 25.957804
46.985437, 25.957758
46.985427, 25.957716
46.985453, 25.957707
46.985465, 25.957671
46.985494, 25.957683
46.985522, 25.95768
46.985558, 25.957676
46.985588, 25.957672
46.985611, 25.957647
46.985629, 25.957608
46.985645, 25.957572
46.985669, 25.957551
46.985643, 25.957591
46.985613, 25.957627
46.985603, 25.957664
46.98557, 25.957689
46.985543, 25.9577
46.985502, 25.957698
46.985472, 25.957703
46.985513, 25.957702
46.985549, 25.957685
46.985574, 25.957665
46.985604, 25.957643
46.985628, 25.957611
46.985655, 25.957602
46.985673, 25.95756
46.985653, 25.957591
46.985615, 25.957617
46.985595, 25.957665
46.985573, 25.957709
46.98554, 25.957727
46.985516, 25.957746
46.985482, 25.957744
46.985459, 25.957718
46.985437, 25.957691
46.985415, 25.957654
46.98539, 25.957625
46.985354, 25.957606
46.985332, 25.957578
46.985304, 25.957541
46.985281, 25.957515
46.985252, 25.957494
46.985224, 25.957463
46.985198, 25.957451
46.985162, 25.957453
46.985137, 25.957433
46.98511, 25.957404
46.985099, 25.957367
46.985073, 25.957348
46.985042, 25.957328
46.985015, 25.957309
46.984987, 25.957285
46.98496, 25.957243
46.984933, 25.95722
46.984911, 25.957192
46.984881, 25.957189
46.984865, 25.957144
46.984835, 25.95713
46.984823, 25.957089
46.984798, 25.957057
46.984772, 25.957047
46.984735, 25.957044
46.984707, 25.957039
46.984689, 25.957007
46.984662, 25.956991
46.98464, 25.956965
46.984624, 25.95693
46.984602, 25.956896
46.984594, 25.956858
46.984572, 25.956823
46.984561, 25.95678
46.984531, 25.956748
46.984503, 25.956748
46.984477, 25.956737
46.984452, 25.956714
46.98442, 25.956707
46.984389, 25.956695
46.984361, 25.956681
46.984332, 25.956647
46.984297, 25.956634
46.984269, 25.956631
46.984234, 25.956622
46.984195, 25.956633
46.984152, 25.956625
46.984119, 25.956617
46.984086, 25.956631
46.984054, 25.956634
46.984023, 25.956631
46.983992, 25.956636
46.983965, 25.956641
46.983944, 25.956611
46.983911, 25.956618
46.983882, 25.956604
46.983847, 25.956597
46.98382, 25.956571
46.983789, 25.956577
46.983761, 25.956549
46.98373, 25.956573
46.983702, 25.956573
46.98368, 25.9566
46.983666, 25.956564
46.983638, 25.956563
46.983602, 25.956534
46.983567, 25.956528
46.983541, 25.956511
46.983511, 25.956495
46.983479, 25.956496
46.983451, 25.956497
46.983416, 25.956508
46.983384, 25.956499
46.983355, 25.956484
46.983325, 25.956473
46.983297, 25.956473
46.983279, 25.956441
46.983267, 25.956403
46.983251, 25.956347
46.983223, 25.956342
46.98321, 25.9563
46.983218, 25.956259
46.98319, 25.956255
46.983196, 25.956215
46.983168, 25.956205
46.983155, 25.956158
46.983131, 25.956132
46.983099, 25.95611
46.983081, 25.956075
46.983081, 25.956031
46.983047, 25.956014
46.983029, 25.955977
46.983039, 25.95594
46.983064, 25.955916
46.983066, 25.955877
46.983052, 25.955841
46.983037, 25.955799
46.983013, 25.955778
46.982996, 25.955736
46.98298, 25.955703
46.98296, 25.955672
46.982952, 25.955625
46.982943, 25.955577
46.982917, 25.955546
46.982893, 25.955518
46.982878, 25.955474
46.982854, 25.955446
46.982822, 25.955405
46.982793, 25.955384
46.982748, 25.955352
46.982727, 25.955341
46.982707, 25.955329
46.982672, 25.955288
46.982636, 25.955266
46.9826, 25.955236
46.982574, 25.955209
46.982542, 25.955187
46.982513, 25.955164
46.982484, 25.955166
46.982452, 25.955151
46.98243, 25.955127
46.982405, 25.955107
46.982401, 25.955061
46.982376, 25.955036
46.98235, 25.955015
46.982324, 25.954994
46.982293, 25.954989
46.982249, 25.954954
46.982224, 25.954937
46.982197, 25.954943
46.982163, 25.954942
46.982126, 25.954913
46.982108, 25.954881
46.982083, 25.954857
46.982056, 25.95483
46.982035, 25.954795
46.982008, 25.954784
46.981981, 25.954801
46.981949, 25.954782
46.981922, 25.954773
46.981889, 25.954739
46.981879, 25.954695
46.981874, 25.954652
46.981849, 25.954637
46.981826, 25.954604
46.981803, 25.954564
46.981783, 25.954524
46.981765, 25.954483
46.981748, 25.954445
46.981727, 25.954406
46.981702, 25.95437
46.981677, 25.954357
46.981654, 25.954326
46.98163, 25.954297
46.981606, 25.954279
46.981576, 25.954274
46.981534, 25.95428
46.981496, 25.954248
46.981475, 25.954212
46.981441, 25.954191
46.98142, 25.954161
46.981402, 25.954116
46.981367, 25.954096
46.98135, 25.954046
46.981349, 25.954006
46.981331, 25.953958
46.981317, 25.953922
46.981288, 25.953888
46.981269, 25.953855
46.981259, 25.953797
46.981243, 25.953761
46.98127, 25.953778
46.981256, 25.953735
46.98123, 25.953708
46.981201, 25.953686
46.981176, 25.953659
46.981164, 25.953614
46.981137, 25.953611
46.981107, 25.953588
46.981076, 25.953579
46.981048, 25.95359
46.981013, 25.953591
46.980985, 25.953603
46.980953, 25.9536
46.980927, 25.953583
46.980891, 25.95355
46.980858, 25.953554
46.980829, 25.953536
46.980806, 25.953513
46.980799, 25.953456
46.980789, 25.953418
46.980774, 25.953378
46.980769, 25.953336
46.980762, 25.953297
46.980774, 25.953257
46.980767, 25.953212
46.980758, 25.953164
46.980743, 25.953129
46.980725, 25.953093
46.980747, 25.953058
46.980739, 25.953019
46.9807, 25.952969
46.980672, 25.952935
46.980659, 25.9529
46.980659, 25.952851
46.980644, 25.952811
46.980631, 25.952767
46.980604, 25.952722
46.980593, 25.952681
46.98057, 25.952641
46.980557, 25.952599
46.98053, 25.952595
46.980513, 25.952547
46.980511, 25.952499
46.980491, 25.952472
46.980456, 25.952453
46.980435, 25.95241
46.98045, 25.952373
46.980432, 25.952345
46.980416, 25.952305
46.9804, 25.952264
46.980377, 25.952226
46.980367, 25.952173
46.980329, 25.952157
46.980295, 25.952125
46.980283, 25.95208
46.980243, 25.952052
46.980237, 25.952005
46.98019, 25.95197
46.980156, 25.95196
46.980127, 25.951955
46.980089, 25.951958
46.980065, 25.951939
46.980039, 25.951955
46.980032, 25.951913
46.980005, 25.951919
46.979993, 25.951954
46.979966, 25.951959
46.979936, 25.951975
46.979903, 25.951964
46.979876, 25.951963
46.979851, 25.951986
46.979822, 25.951995
46.979786, 25.951989
46.979761, 25.951971
46.979734, 25.951965
46.979686, 25.951973
46.979633, 25.951965
46.979598, 25.951964
46.979539, 25.951951
46.979512, 25.951952
46.979484, 25.951954
46.979457, 25.951955
46.979429, 25.951956
46.979395, 25.951973
46.979358, 25.951966
46.979305, 25.951999
46.979268, 25.95202
46.979231, 25.951994
46.979193, 25.951951
46.979167, 25.951918
46.979122, 25.951903
46.979081, 25.95188
46.979046, 25.951863
46.979005, 25.951844
46.978966, 25.951849
46.978937, 25.951845
46.978906, 25.951808
46.978877, 25.95178
46.978843, 25.951761
46.978815, 25.951757
46.978787, 25.951751
46.978752, 25.951738
46.978714, 25.95173
46.978686, 25.951718
46.978659, 25.951704
46.97863, 25.951698
46.978602, 25.951697
46.978566, 25.951703
46.978533, 25.951689
46.978499, 25.951677
46.97847, 25.95167
46.97844, 25.951674
46.978406, 25.951685
46.97837, 25.951687
46.978343, 25.951684
46.978309, 25.951682
46.978281, 25.951678
46.978251, 25.951684
46.978218, 25.951724
46.978189, 25.951734
46.978151, 25.951736
46.978119, 25.95174
46.978086, 25.951754
46.978058, 25.951733
46.978029, 25.951751
46.978005, 25.951776
46.977975, 25.951804
46.977944, 25.95183
46.977906, 25.951838
46.977883, 25.951867
46.977851, 25.951885
46.977817, 25.951896
46.97779, 25.951921
46.977759, 25.951931
46.977729, 25.951946
46.977705, 25.951976
46.977669, 25.951992
46.977634, 25.952016
46.977606, 25.952035
46.977589, 25.952075
46.97756, 25.952092
46.977526, 25.952101
46.977499, 25.952111
46.977455, 25.952127
46.977415, 25.95214
46.977386, 25.952143
46.977354, 25.952154
46.977319, 25.952135
46.97729, 25.952154
46.977262, 25.952136
46.977231, 25.952139
46.977201, 25.952123
46.977167, 25.95209
46.97715, 25.952052
46.977126, 25.952026
46.977081, 25.95203
46.977048, 25.952017
46.977026, 25.951981
46.976997, 25.951955
46.976971, 25.951974
46.976939, 25.951941
46.9769, 25.951926
46.976861, 25.951916
46.97683, 25.951881
46.976804, 25.951843
46.976783, 25.951817
46.976756, 25.951772
46.97673, 25.951729
46.976715, 25.951685
46.976709, 25.951631
46.976685, 25.951587
46.976668, 25.951551
46.976646, 25.951493
46.976632, 25.951456
46.976617, 25.951421
46.976595, 25.951386
46.976579, 25.951339
46.976587, 25.951301
46.9766, 25.951265
46.976582, 25.951225
46.976566, 25.951171
46.976549, 25.951121
46.976545, 25.951068
46.976526, 25.951035
46.976495, 25.951008
46.976475, 25.950969
46.976454, 25.95094
46.976431, 25.950919
46.976411, 25.950891
46.976386, 25.950873
46.976385, 25.950832
46.976371, 25.950785
46.976359, 25.950738
46.976342, 25.950684
46.976321, 25.950643
46.976297, 25.950604
46.97629, 25.95055
46.976281, 25.950504
46.976266, 25.950464
46.976246, 25.950419
46.976238, 25.950379
46.976232, 25.950332
46.97622, 25.950295
46.976216, 25.950253
46.976201, 25.950214
46.976169, 25.950164
46.976146, 25.950118
46.976127, 25.95009
46.976135, 25.950052
46.976162, 25.950034
46.976175, 25.949991
46.976202, 25.949988
46.976231, 25.949984
46.976259, 25.95
46.976278, 25.949971
46.976299, 25.94994
46.976328, 25.94994
46.976355, 25.94993
46.976385, 25.949915
46.976413, 25.949925
46.976442, 25.949927
46.976468, 25.94991
46.976496, 25.949899
46.976524, 25.949903
46.976551, 25.949891
46.976578, 25.949895
46.976606, 25.949898
46.976636, 25.9499
46.976666, 25.949896
46.976692, 25.949878
46.97672, 25.949872
46.976749, 25.949876
46.976778, 25.949872
46.976804, 25.949887
46.976836, 25.949879
46.976861, 25.949865
46.976892, 25.949886
46.976918, 25.949876
46.976943, 25.94986
46.97697, 25.949861
46.976998, 25.949847
46.97703, 25.949844
46.977059, 25.94984
46.977097, 25.949847
46.97712, 25.949868
46.977146, 25.949881
46.977173, 25.949866
46.977203, 25.949874
46.977232, 25.949886
46.977259, 25.949895
46.977287, 25.949906
46.977311, 25.949925
46.977338, 25.949929
46.977366, 25.949933
46.977392, 25.949948
46.977414, 25.949982
46.977417, 25.950022
46.977427, 25.95006
46.977431, 25.950099
46.977458, 25.950126
46.977494, 25.950115
46.977521, 25.950094
46.977547, 25.95008
46.977579, 25.950058
46.977608, 25.950051
46.977627, 25.950079
46.977644, 25.950047
46.977674, 25.950072
46.977649, 25.95009
46.977673, 25.950065
46.977641, 25.950057
46.977613, 25.950058
46.977581, 25.950064
46.977553, 25.95009
46.977525, 25.950117
46.977485, 25.950133
46.977456, 25.950132
46.977434, 25.950104
46.977427, 25.950063
46.977415, 25.950019
46.977429, 25.949975
46.977426, 25.949928
46.977443, 25.949891
46.97746, 25.949846
46.977444, 25.949812
46.977459, 25.949779
46.977436, 25.949738
46.977413, 25.949718
46.977393, 25.949686
46.977376, 25.949653
46.977373, 25.949608
46.977346, 25.949607
46.977317, 25.94961
46.977288, 25.949607
46.977283, 25.949567
46.977295, 25.949525
46.977267, 25.949515
46.977264, 25.949474
46.977275, 25.949431
46.977247, 25.949423
46.97722, 25.949426
46.977208, 25.949389
46.97719, 25.949346
46.977155, 25.949326
46.977137, 25.949284
46.977122, 25.949244
46.977096, 25.949219
46.977067, 25.949189
46.977039, 25.949157
46.977013, 25.949127
46.976988, 25.9491
46.976962, 25.949092
46.97693, 25.949078
46.976903, 25.94906
46.976887, 25.949025
46.976897, 25.948981
46.976905, 25.948943
46.976912, 25.948891
46.976918, 25.948843
46.976913, 25.948801
46.976899, 25.948837
46.97689, 25.948796
46.976897, 25.948845
46.976885, 25.948905
46.976872, 25.948953
46.976861, 25.948995
46.976855, 25.949035
46.97688, 25.949074
46.976871, 25.949111
46.976845, 25.94913
46.976854, 25.949187
46.976835, 25.949231
46.976808, 25.949246
46.97682, 25.949286
46.976848, 25.949297
46.976856, 25.949354
46.976828, 25.94937
46.976805, 25.949405
46.976815, 25.949453
46.976787, 25.94947
46.976781, 25.949514
46.976762, 25.949562
46.976738, 25.949586
46.976755, 25.949628
46.976752, 25.949675
46.976721, 25.949653
46.976693, 25.94964
46.976678, 25.949676
46.976656, 25.949654
46.97663, 25.949632
46.976618, 25.949584
46.976601, 25.949543
46.976611, 25.9495
46.976617, 25.94946
46.976591, 25.949435
46.976567, 25.949409
46.976551, 25.949368
46.976527, 25.949346
46.976506, 25.949321
46.976484, 25.949291
46.976454, 25.949295
46.976434, 25.949265
46.976402, 25.949262
46.976392, 25.949217
46.976382, 25.94918
46.976353, 25.949169
46.976327, 25.949141
46.976306, 25.949106
46.976286, 25.949075
46.976253, 25.949059
46.976231, 25.949034
46.976202, 25.949001
46.976171, 25.948987
46.976155, 25.948947
46.976143, 25.948905
46.976119, 25.948875
46.976095, 25.948857
46.976088, 25.948813
46.97607, 25.948776
46.976062, 25.948725
46.976036, 25.948697
46.976023, 25.94866
46.975991, 25.948628
46.975968, 25.9486
46.975943, 25.948567
46.975924, 25.948537
46.9759, 25.948516
46.975872, 25.948506
46.975858, 25.948469
46.975828, 25.94844
46.9758, 25.948464
46.975776, 25.94844
46.975761, 25.948396
46.975747, 25.948362
46.975715, 25.948359
46.975686, 25.948344
46.975658, 25.948333
46.975628, 25.948317
46.975591, 25.948309
46.975555, 25.948297
46.975525, 25.948268
46.975502, 25.948238
46.975473, 25.948213
46.975447, 25.948202
46.97542, 25.948185
46.975387, 25.948165
46.975361, 25.948144
46.975334, 25.948128
46.975305, 25.948097
46.975274, 25.948076
46.975247, 25.948062
46.97522, 25.948043
46.975193, 25.948019
46.975155, 25.947982
46.975124, 25.947965
46.975088, 25.947959
46.975061, 25.947944
46.975028, 25.947938
46.974999, 25.947912
46.97497, 25.947893
46.974938, 25.947862
46.974905, 25.947843
46.974878, 25.947827
46.974848, 25.947826
46.974815, 25.947813
46.974785, 25.947821
46.974757, 25.947811
46.974728, 25.947804
46.974694, 25.947781
46.974663, 25.947774
46.974633, 25.947765
46.974602, 25.94774
46.974565, 25.947719
46.974547, 25.947675
46.974533, 25.947636
46.974501, 25.947607
46.974481, 25.947559
46.974457, 25.947519
46.974441, 25.947488
46.974415, 25.947431
46.974405, 25.947391
46.974385, 25.947343
46.974358, 25.947319
46.974344, 25.947285
46.974322, 25.947243
46.974303, 25.947202
46.974287, 25.947153
46.974267, 25.947115
46.97424, 25.947065
46.974216, 25.947033
46.974189, 25.946987
46.974173, 25.946949
46.974148, 25.946897
46.974126, 25.946867
46.974101, 25.94685
46.974066, 25.946858
46.974034, 25.94685
46.974008, 25.946828
46.973978, 25.946816
46.973946, 25.946821
46.973908, 25.946816
46.973882, 25.946804
46.97385, 25.946806
46.973815, 25.946805
46.973787, 25.946799
46.973753, 25.946787
46.973714, 25.946778
46.973677, 25.946762
46.97364, 25.946749
46.973607, 25.94674
46.973572, 25.946735
46.973534, 25.946728
46.973503, 25.946717
46.973476, 25.946705
46.973433, 25.946706
46.97339, 25.946698
46.973358, 25.946682
46.973328, 25.946663
46.9733, 25.946683
46.973264, 25.946677
46.973235, 25.946664
46.973204, 25.946635
46.973181, 25.946592
46.973157, 25.946563
46.973122, 25.946548
46.97309, 25.946535
46.97304, 25.946515
46.97302, 25.946484
46.972978, 25.946458
46.972946, 25.946438
46.972911, 25.946436
46.972869, 25.946438
46.972841, 25.946441
46.97281, 25.946457
46.972772, 25.946459
46.972738, 25.946465
46.97271, 25.94649
46.972674, 25.946509
46.972632, 25.946531
46.9726, 25.946539
46.972563, 25.946539
46.972521, 25.946539
46.972484, 25.946539
46.972456, 25.946557
46.972428, 25.946576
46.9724, 25.946602
46.972361, 25.946609
46.972331, 25.946611
46.972303, 25.946605
46.972275, 25.946623
46.972247, 25.946641
46.972208, 25.946648
46.972179, 25.946649
46.972143, 25.946653
46.972118, 25.946669
46.972079, 25.946664
46.972049, 25.946662
46.97202, 25.946661
46.971988, 25.946656
46.971948, 25.946658
46.971914, 25.946669
46.971885, 25.946678
46.971846, 25.946681
46.971813, 25.946693
46.971782, 25.946689
46.971748, 25.946694
46.971713, 25.946689
46.971686, 25.946675
46.971655, 25.946678
46.971626, 25.946697
46.971596, 25.946699
46.971563, 25.946701
46.971528, 25.946698
46.971494, 25.946689
46.971459, 25.946693
46.971432, 25.946692
46.971401, 25.946705
46.971362, 25.94671
46.97133, 25.946694
46.971301, 25.946696
46.971274, 25.946686
46.971233, 25.946689
46.971203, 25.946699
46.971167, 25.946695
46.971126, 25.946696
46.97109, 25.946707
46.971059, 25.946721
46.971025, 25.946731
46.970986, 25.946731
46.970951, 25.946735
46.970926, 25.946765
46.970888, 25.946757
46.970856, 25.946771
46.97083, 25.946752
46.9708, 25.946745
46.970767, 25.94674
46.970737, 25.946743
46.970706, 25.946736
46.97067, 25.946749
46.970638, 25.946755
46.970615, 25.946779
46.970584, 25.946766
46.97055, 25.946765
46.97053, 25.94681
46.970506, 25.946848
46.970479, 25.946858
46.970456, 25.946885
46.970426, 25.946898
46.97041, 25.946935
46.970384, 25.946957
46.97036, 25.946974
46.970329, 25.946994
46.970298, 25.947002
46.970265, 25.947006
46.970231, 25.947007
46.970208, 25.947032
46.970179, 25.947044
46.970157, 25.947074
46.970131, 25.947088
46.970101, 25.947087
46.970069, 25.94709
46.970035, 25.947098
46.970003, 25.947083
46.969976, 25.947068
46.969944, 25.947063
46.969919, 25.947028
46.969891, 25.947017
46.969853, 25.947001
46.969825, 25.946994
46.969795, 25.946982
46.969768, 25.947002
46.969732, 25.947019
46.969706, 25.947036
46.969676, 25.947035
46.96966, 25.946996
46.969639, 25.946971
46.969613, 25.946947
46.969591, 25.946906
46.969564, 25.946876
46.969537, 25.94684
46.969517, 25.946785
46.969495, 25.946744
46.969461, 25.946703
46.969436, 25.946676
46.969411, 25.946639
46.969375, 25.946626
46.969351, 25.946606
46.969323, 25.946596
46.969296, 25.946564
46.969267, 25.946542
46.969249, 25.946507
46.969235, 25.946467
46.969214, 25.946435
46.969194, 25.946404
46.969155, 25.946383
46.969118, 25.946376
46.9691, 25.946337
46.969081, 25.946304
46.969062, 25.946275
46.969037, 25.946253
46.969008, 25.946245
46.968978, 25.946222
46.96895, 25.946206
46.96893, 25.946172
46.968904, 25.946152
46.968876, 25.946135
46.968843, 25.946121
46.968814, 25.946103
46.968782, 25.946102
46.968758, 25.94608
46.968731, 25.946104
46.968706, 25.946121
46.968671, 25.946119
46.968646, 25.946144
46.96861, 25.946161
46.968589, 25.946187
46.968575, 25.946225
46.968542, 25.946241
46.968516, 25.946277
46.968492, 25.946313
46.96847, 25.946341
46.968436, 25.94636
46.968419, 25.946393
46.968393, 25.946419
46.968378, 25.946455
46.968359, 25.946493
46.968324, 25.946514
46.968284, 25.946532
46.968255, 25.946526
46.968225, 25.946543
46.968194, 25.946551
46.96816, 25.946561
46.968132, 25.94655
46.968105, 25.946562
46.968079, 25.946591
46.968048, 25.946585
46.968018, 25.946602
46.967983, 25.946609
46.967953, 25.946622
46.967921, 25.946629
46.967891, 25.946637
46.967861, 25.94665
46.967824, 25.946664
46.967796, 25.946667
46.967763, 25.946686
46.967735, 25.946696
46.967707, 25.94671
46.96767, 25.946712
46.96764, 25.946709
46.967602, 25.946722
46.967567, 25.946743
46.967529, 25.946758
46.967499, 25.946765
46.967471, 25.94678
46.967437, 25.946781
46.967406, 25.946784
46.967374, 25.946778
46.967343, 25.946804
46.96731, 25.946813
46.96728, 25.946807
46.967239, 25.946815
46.967207, 25.946831
46.967176, 25.946825
46.96714, 25.94683
46.967111, 25.946852
46.967083, 25.946849
46.967052, 25.946853
46.967024, 25.946857
46.966992, 25.946864
46.966964, 25.946859
46.966933, 25.946842
46.966897, 25.946851
46.966871, 25.946826
46.966842, 25.946831
46.966801, 25.946805
46.96677, 25.946802
46.966742, 25.946794
46.966715, 25.946795
46.966687, 25.946825
46.966657, 25.946846
46.96663, 25.946851
46.966601, 25.946863
46.966567, 25.94688
46.966533, 25.946885
46.966506, 25.946888
46.966474, 25.946884
46.966429, 25.946893
46.966402, 25.946902
46.966368, 25.946924
46.966341, 25.94695
46.966316, 25.946993
46.966291, 25.947023
46.966258, 25.947043
46.966225, 25.947062
46.96619, 25.947077
46.966157, 25.947093
46.966124, 25.947098
46.966087, 25.947126
46.966056, 25.947141
46.966026, 25.947153
46.965985, 25.947159
46.965952, 25.94718
46.96592, 25.9472
46.965886, 25.947221
46.965855, 25.947233
46.965821, 25.947246
46.96579, 25.947265
46.965756, 25.94728
46.965729, 25.9473
46.965703, 25.947316
46.965674, 25.947357
46.965652, 25.947392
46.965648, 25.947444
46.965633, 25.947485
46.965623, 25.947522
46.965618, 25.947562
46.965611, 25.947609
46.965604, 25.947654
46.965597, 25.947714
46.965579, 25.947749
46.965568, 25.947786
46.96555, 25.947823
46.96554, 25.947865
46.96554, 25.947911
46.965541, 25.947959
46.965528, 25.948
46.965515, 25.948036
46.965505, 25.948087
46.965506, 25.948133
46.965487, 25.948177
46.965473, 25.94822
46.965458, 25.948256
46.965455, 25.948308
46.96544, 25.948352
46.965433, 25.948405
46.965425, 25.948446
46.965446, 25.94848
46.965474, 25.948502
46.965487, 25.948545
46.965488, 25.948598
46.965481, 25.948645
46.965474, 25.948686
46.965475, 25.948732
46.965476, 25.948775
46.965452, 25.948802
46.965422, 25.948812
46.965396, 25.948824
46.965378, 25.948857
46.965362, 25.948895
46.965331, 25.948901
46.965317, 25.948935
46.965282, 25.948925
46.96526, 25.948894
46.965229, 25.948871
46.965203, 25.948845
46.965189, 25.948803
46.965161, 25.94877
46.965143, 25.948734
46.965121, 25.948707
46.965102, 25.948676
46.965078, 25.948653
46.965148, 25.948479
46.966676, 25.946445
46.966536, 25.946668
46.966506, 25.946714
46.966291, 25.947044
46.966254, 25.947103
46.96583, 25.947746
46.965426, 25.948359
46.965355, 25.948465
46.965306, 25.948541
46.965261, 25.948567
46.96522, 25.948617
46.965194, 25.948619
46.965169, 25.948622
46.965143, 25.948624
46.965117, 25.948627
46.965089, 25.948665
46.96506, 25.948664
46.965069, 25.948703
46.965093, 25.948724
46.965121, 25.948749
46.965148, 25.948771
46.96517, 25.9488
46.965204, 25.948814
46.965236, 25.948844
46.965264, 25.948872
46.965289, 25.948896
46.965318, 25.948911
46.965351, 25.948912
46.965378, 25.948886
46.965409, 25.948845
46.965432, 25.948811
46.965455, 25.948784
46.965485, 25.948773
46.965505, 25.948739
46.965497, 25.948697
46.965493, 25.948647
46.965501, 25.948596
46.96551, 25.948552
46.965538, 25.94853
46.965559, 25.948504
46.965563, 25.948453
46.965575, 25.948415
46.965595, 25.948366
46.965591, 25.948325
46.965604, 25.948282
46.965625, 25.94824
46.965627, 25.948197
46.965631, 25.948148
46.965629, 25.948105
46.965632, 25.948062
46.965653, 25.948017
46.965661, 25.947975
46.965668, 25.94792
46.965671, 25.947873
46.965673, 25.947825
46.965673, 25.947783
46.965667, 25.947736
46.965661, 25.94769
46.965647, 25.947645
46.965638, 25.947604
46.965624, 25.94756
46.96562, 25.947504
46.965612, 25.947462
46.965606, 25.947412
46.965604, 25.947357
46.965597, 25.947299
46.965582, 25.947259
46.965575, 25.947215
46.965573, 25.947162
46.965573, 25.94711
46.965586, 25.947056
46.965591, 25.947014
46.965588, 25.946971
46.965596, 25.946927
46.965604, 25.946872
46.965608, 25.946822
46.965616, 25.946782
46.965615, 25.946737
46.965622, 25.946685
46.965622, 25.946633
46.965604, 25.946585
46.965581, 25.946563
46.965558, 25.946532
46.965543, 25.94649
46.965513, 25.946473
46.965486, 25.946463
46.965483, 25.946398
46.96547, 25.946353
46.965464, 25.946314
46.965452, 25.94626
46.965437, 25.946213
46.965417, 25.946183
46.965401, 25.946148
46.96539, 25.946103
46.965377, 25.946061
46.965348, 25.94605
46.965314, 25.946027
46.965311, 25.945984
46.965279, 25.945971
46.965266, 25.945934
46.965221, 25.945886
46.965207, 25.945849
46.965208, 25.945803
46.965206, 25.945762
46.96519, 25.945725
46.965171, 25.945685
46.965154, 25.945651
46.965132, 25.945617
46.965125, 25.945572
46.965119, 25.945533
46.965113, 25.945486
46.965101, 25.945447
46.965084, 25.945402
46.965075, 25.945363
46.96506, 25.945312
46.96505, 25.945271
46.965031, 25.945224
46.964997, 25.945204
46.96499, 25.945156
46.964971, 25.94512
46.964957, 25.94508
46.964943, 25.945045
46.964929, 25.945001
46.964919, 25.944962
46.964899, 25.944934
46.964889, 25.944897
46.964888, 25.944846
46.964888, 25.944786
46.964864, 25.944753
46.964866, 25.944702
46.964864, 25.944663
46.964845, 25.944631
46.964838, 25.94459
46.964823, 25.944554
46.964798, 25.944516
46.964771, 25.944486
46.964748, 25.944446
46.964728, 25.944412
46.96471, 25.944369
46.964688, 25.944323
46.964672, 25.944287
46.964656, 25.944253
46.964641, 25.944209
46.964616, 25.944174
46.964592, 25.94415
46.964566, 25.944118
46.964557, 25.944068
46.964537, 25.944027
46.964525, 25.943985
46.964498, 25.943958
46.964473, 25.943928
46.964459, 25.943887
46.964433, 25.943846
46.964411, 25.943801
46.964393, 25.943758
46.964386, 25.943708
46.964365, 25.943677
46.964362, 25.943638
46.96436, 25.94359
46.964345, 25.943553
46.964321, 25.943516
46.964296, 25.943472
46.964284, 25.943433
46.964295, 25.943395
46.964297, 25.943345
46.964278, 25.943312
46.96425, 25.943278
46.964234, 25.943234
46.96423, 25.943183
46.964216, 25.943137
46.964208, 25.943098
46.964202, 25.943047
46.964191, 25.943009
46.964171, 25.942971
46.964165, 25.942924
46.964152, 25.942877
46.964149, 25.942838
46.964146, 25.942796
46.964152, 25.942748
46.964132, 25.942706
46.964112, 25.942678
46.964102, 25.942638
46.964066, 25.942605
46.96405, 25.942557
46.964034, 25.942521
46.964009, 25.942479
46.963983, 25.942464
46.963961, 25.942427
46.963942, 25.942393
46.963916, 25.942362
46.963903, 25.942323
46.963882, 25.942296
46.963852, 25.942274
46.96383, 25.942223
46.96381, 25.942194
46.963779, 25.942174
46.963744, 25.942158
46.963739, 25.942118
46.963711, 25.942088
46.963692, 25.942045
46.963667, 25.942017
46.963639, 25.941998
46.963616, 25.941964
46.963587, 25.94195
46.963569, 25.94191
46.963543, 25.941888
46.963513, 25.941859
46.963485, 25.941815
46.963463, 25.941782
46.963431, 25.941756
46.963412, 25.941708
46.963395, 25.941674
46.96338, 25.941637
46.963357, 25.94159
46.963332, 25.941551
46.963301, 25.941516
46.963268, 25.941517
46.963245, 25.941478
46.963222, 25.941457
46.963198, 25.941435
46.963183, 25.941394
46.963167, 25.941363
46.963152, 25.941325
46.963137, 25.94127
46.963122, 25.941232
46.963125, 25.94119
46.9631, 25.94116
46.963089, 25.941106
46.963079, 25.941065
46.963055, 25.941017
46.963043, 25.94098
46.963037, 25.940925
46.963039, 25.940867
46.963019, 25.940829
46.963008, 25.94079
46.962994, 25.940748
46.962982, 25.940708
46.962969, 25.940663
46.962952, 25.940624
46.962941, 25.940577
46.962927, 25.940539
46.962917, 25.940498
46.962902, 25.940459
46.962878, 25.940414
46.962855, 25.940371
46.962851, 25.94033
46.962834, 25.940292
46.962818, 25.940251
46.962798, 25.940203
46.96278, 25.940166
46.962767, 25.940116
46.962752, 25.940055
46.962739, 25.940013
46.96273, 25.939963
46.962717, 25.939924
46.962731, 25.939889
46.962695, 25.939873
46.962665, 25.939847
46.962651, 25.939807
46.962633, 25.939775
46.962618, 25.939733
46.962605, 25.939694
46.962575, 25.9397
46.962547, 25.939701
46.962514, 25.93969
46.962478, 25.939667
46.962453, 25.939621
46.962427, 25.939589
46.962395, 25.939595
46.962376, 25.939556
46.962362, 25.939518
46.962334, 25.939498
46.962322, 25.939444
46.962304, 25.939403
46.962282, 25.939365
46.962271, 25.939316
46.962258, 25.939273
46.96223, 25.939255
46.962217, 25.939214
46.962197, 25.939174
46.962177, 25.939124
46.96216, 25.939071
46.962148, 25.939031
46.962132, 25.938994
46.962117, 25.938957
46.96209, 25.938931
46.962068, 25.938893
46.962042, 25.938864
46.962024, 25.938832
46.962001, 25.938781
46.961984, 25.938734
46.96197, 25.938689
46.961955, 25.938638
46.961938, 25.93859
46.961922, 25.93854
46.96191, 25.938493
46.961893, 25.938444
46.961879, 25.938404
46.961858, 25.938366
46.96185, 25.938325
46.961841, 25.938272
46.96183, 25.938231
46.961805, 25.938197
46.961788, 25.938165
46.961768, 25.93812
46.961747, 25.938048
46.961727, 25.938011
46.9617, 25.938001
46.961687, 25.937953
46.961665, 25.937894
46.961651, 25.937858
46.961626, 25.937843
46.961603, 25.937793
46.961586, 25.937761
46.961565, 25.937732
46.961538, 25.937692
46.961503, 25.937666
46.961484, 25.937614
46.961468, 25.93758
46.961453, 25.937544
46.961439, 25.93751
46.961427, 25.937453
46.961399, 25.937427
46.961369, 25.937388
46.961345, 25.937361
46.961321, 25.937326
46.961296, 25.937297
46.961274, 25.937261
46.961246, 25.937226
46.961228, 25.937183
46.961206, 25.937145
46.961186, 25.93711
46.961164, 25.937079
46.961136, 25.93708
46.961097, 25.937061
46.96106, 25.937061
46.96103, 25.937041
46.961006, 25.937016
46.960971, 25.937014
46.960947, 25.936987
46.96092, 25.936961
46.960889, 25.936946
46.960869, 25.936919
46.960834, 25.936895
46.960821, 25.936861
46.960783, 25.93686
46.960751, 25.936834
46.96078, 25.936854
46.960811, 25.936832
46.960827, 25.936788
46.960854, 25.936764
46.960879, 25.936742
46.960915, 25.936721
46.960944, 25.936702
46.960973, 25.936677
46.961004, 25.936655
46.96103, 25.936618
46.96106, 25.936608
46.961087, 25.936599
46.96112, 25.936585
46.961139, 25.936555
46.961174, 25.93653
46.961204, 25.936521
46.961226, 25.936482
46.961254, 25.936455
46.961288, 25.93643
46.96131, 25.936388
46.96133, 25.936357
46.961347, 25.936324
46.96137, 25.936295
46.961394, 25.936249
46.961414, 25.936222
46.961435, 25.936195
46.961454, 25.936164
46.961463, 25.936116
46.961474, 25.936079
46.961493, 25.936044
46.961514, 25.936011
46.961544, 25.935996
46.961575, 25.935969
46.961602, 25.935948
46.961624, 25.93591
46.961649, 25.935883
46.961676, 25.935874
46.961703, 25.935862
46.961731, 25.935856
46.961766, 25.935824
46.961801, 25.935822
46.961842, 25.935805
46.961878, 25.935792
46.961906, 25.935784
46.961936, 25.935778
46.961966, 25.935761
46.962004, 25.935754
46.962036, 25.935748
46.962074, 25.935748
46.962102, 25.935749
46.96213, 25.935737
46.962162, 25.935722
46.962204, 25.935721
46.962235, 25.935733
46.962267, 25.935743
46.962307, 25.93576
46.962344, 25.935767
46.962376, 25.935756
46.962408, 25.93575
46.962438, 25.935748
46.962476, 25.935742
46.962512, 25.935743
46.962539, 25.93576
46.962566, 25.935784
46.962597, 25.935787
46.96263, 25.935802
46.962673, 25.935793
46.962699, 25.935773
46.962726, 25.935758
46.962756, 25.93573
46.962782, 25.935709
46.962807, 25.935689
46.962837, 25.935694
46.962876, 25.935705
46.962908, 25.935714
46.962941, 25.935718
46.96297, 25.935718
46.963, 25.935704
46.963031, 25.9357
46.963057, 25.935721
46.963098, 25.935724
46.963134, 25.935731
46.96317, 25.935733
46.963203, 25.935726
46.963225, 25.93568
46.963258, 25.935673
46.96329, 25.93567
46.963315, 25.935642
46.963352, 25.935639
46.963382, 25.935643
46.963415, 25.935649
46.963447, 25.935643
46.963475, 25.935629
46.963498, 25.935664
46.963526, 25.935666
46.963552, 25.935644
46.963577, 25.935618
46.963606, 25.935578
46.963644, 25.935572
46.963672, 25.935561
46.963711, 25.935554
46.963745, 25.935538
46.963773, 25.93553
46.963803, 25.935535
46.963831, 25.935543
46.963872, 25.935552
46.963905, 25.935538
46.963939, 25.935546
46.963971, 25.93553
46.964004, 25.93551
46.964032, 25.935488
46.964054, 25.935461
46.964077, 25.935436
46.964108, 25.935417
46.964139, 25.935403
46.964173, 25.935372
46.964205, 25.935357
46.964233, 25.93535
46.96426, 25.935373
46.964286, 25.935396
46.964308, 25.935425
46.964329, 25.935456
46.964347, 25.935489
46.964371, 25.935509
46.964391, 25.935536
46.964407, 25.935575
46.964424, 25.935607
46.964442, 25.935638
46.964463, 25.93567
46.964482, 25.935718
46.964486, 25.935758
46.964501, 25.935808
46.9645, 25.935855
46.964496, 25.935899
46.964491, 25.93594
46.964489, 25.935984
46.964472, 25.936036
46.964476, 25.936082
46.964445, 25.936112
46.964418, 25.936138
46.964387, 25.936139
46.964387, 25.936196
46.964384, 25.936239
46.964372, 25.936276
46.964363, 25.936318
46.96437, 25.936362
46.964367, 25.936404
46.964352, 25.936451
46.964331, 25.936491
46.964323, 25.936531
46.964311, 25.936568
46.964302, 25.936624
46.964264, 25.936644
46.96424, 25.936671
46.96421, 25.936708
46.964192, 25.936741
46.964165, 25.936775
46.964163, 25.936817
46.964168, 25.936859
46.964172, 25.936903
46.964198, 25.936923
46.964207, 25.936968
46.964206, 25.937012
46.964229, 25.937058
46.964208, 25.93709
46.964178, 25.937111
46.964172, 25.937158
46.964174, 25.937207
46.964159, 25.93725
46.96415, 25.937288
46.964162, 25.937337
46.96416, 25.93739
46.964147, 25.937424
46.964146, 25.937465
46.964157, 25.93751
46.964165, 25.937559
46.964156, 25.937596
46.964142, 25.937633
46.964131, 25.93767
46.964105, 25.937696
46.964085, 25.937739
46.964097, 25.937785
46.964113, 25.937818
46.96413, 25.937853
46.964155, 25.937886
46.964182, 25.937896
46.964225, 25.937899
46.964258, 25.937915
46.964279, 25.937945
46.964296, 25.937976
46.964322, 25.938023
46.964349, 25.93804
46.964372, 25.938071
46.964406, 25.938077
46.964432, 25.938094
46.964411, 25.938133
46.964383, 25.938153
46.964402, 25.938191
46.964414, 25.93823
46.964449, 25.938244
46.964476, 25.938266
46.964502, 25.938303
46.964528, 25.938317
46.964501, 25.938339
46.964529, 25.938347
46.964557, 25.938352
46.964572, 25.938388
46.964594, 25.938337
46.96462, 25.938299
46.964646, 25.938312
46.964682, 25.938316
46.96471, 25.93831
46.96477, 25.938295
46.964808, 25.938295
46.964842, 25.938287
46.964879, 25.938286
46.964907, 25.938295
46.964932, 25.938315
46.964956, 25.938357
46.965003, 25.938372
46.965005, 25.938415
46.965027, 25.938446
46.965051, 25.938477
46.96506, 25.938516
46.965077, 25.938549
46.965109, 25.938569
46.965116, 25.938611
46.965115, 25.938661
46.965102, 25.938699
46.965083, 25.93873
46.965122, 25.938755
46.965096, 25.938781
46.965101, 25.938821
46.965084, 25.938864
46.965086, 25.938913
46.965073, 25.938964
46.96508, 25.939011
46.965077, 25.939056
46.965076, 25.939101
46.96507, 25.93915
46.965068, 25.939203
46.965085, 25.939234
46.965076, 25.939279
46.965066, 25.939327
46.965051, 25.939375
46.965033, 25.939415
46.965026, 25.939454
46.965017, 25.939495
46.965003, 25.93953
46.964998, 25.939572
46.965009, 25.939625
46.964997, 25.939668
46.964997, 25.939718
46.96498, 25.939752
46.964989, 25.939794
46.965017, 25.939834
46.965041, 25.939877
46.965072, 25.939906
46.965092, 25.939937
46.965078, 25.939978
46.965079, 25.940023
46.965104, 25.940047
46.965114, 25.940086
46.965151, 25.940098
46.965176, 25.940128
46.9652, 25.940144
46.965231, 25.940149
46.965261, 25.94013
46.965301, 25.940146
46.965339, 25.940136
46.965362, 25.94016
46.965396, 25.940172
46.965424, 25.940184
46.965452, 25.940213
46.96549, 25.940227
46.965524, 25.940248
46.965544, 25.940275
46.965584, 25.940297
46.965618, 25.94029
46.965657, 25.940262
46.965667, 25.940223
46.965645, 25.940201
46.965651, 25.940156
46.965609, 25.940144
46.965582, 25.940125
46.965595, 25.940083
46.965607, 25.940121
46.965633, 25.940086
46.96564, 25.940043
46.965598, 25.940018
46.965627, 25.939989
46.965623, 25.939941
46.965599, 25.939909
46.9656, 25.939868
46.96562, 25.939837
46.965655, 25.939825
46.96569, 25.939823
46.96572, 25.939827
46.965754, 25.939831
46.965791, 25.939823
46.965815, 25.939773
46.965853, 25.93978
46.965889, 25.939765
46.965918, 25.93975
46.965949, 25.93975
46.965978, 25.939759
46.966008, 25.939761
46.965967, 25.939777
46.965931, 25.939796
46.965944, 25.939835
46.965954, 25.939877
46.965944, 25.939914
46.96595, 25.939954
46.96592, 25.939964
46.965926, 25.940002
46.965952, 25.940018
46.965979, 25.940043
46.966001, 25.940069
46.966037, 25.940081
46.966062, 25.940102
46.966087, 25.940121
46.966117, 25.940131
46.966125, 25.940181
46.966153, 25.940193
46.966181, 25.94022
46.966207, 25.940194
46.966233, 25.940217
46.966265, 25.940227
46.966294, 25.940233
46.966323, 25.940238
46.96636, 25.940225
46.966331, 25.940217
46.966302, 25.940229
46.96634, 25.940244
46.966373, 25.940223
46.966377, 25.940175
46.966406, 25.940208
46.966377, 25.940189
46.966413, 25.940167
46.966444, 25.94016
46.966426, 25.940128
46.966416, 25.94008
46.966441, 25.940101
46.96648, 25.940105
46.966509, 25.94008
46.966487, 25.940056
46.96646, 25.940042
46.966449, 25.940003
46.966458, 25.940043
46.96649, 25.940065
46.966518, 25.940054
46.966547, 25.940055
46.966583, 25.940037
46.966617, 25.940044
46.966645, 25.940045
46.966679, 25.940045
46.966689, 25.940082
46.966649, 25.940061
46.96668, 25.94008
46.966705, 25.940104
46.966736, 25.94011
46.966765, 25.940106
46.966803, 25.940095
46.966832, 25.940087
46.966859, 25.940094
46.966836, 25.940073
46.966863, 25.940086
46.966857, 25.940127
46.966888, 25.940131
46.966928, 25.940111
46.966961, 25.940124
46.966993, 25.940135
46.967026, 25.940128
46.967037, 25.940089
46.967066, 25.940085
46.9671, 25.940071
46.967122, 25.940036
46.967145, 25.94001
46.967168, 25.939985
46.967198, 25.939981
46.967187, 25.939933
46.967203, 25.93989
46.967231, 25.939914
46.967261, 25.939901
46.967273, 25.939862
46.967308, 25.939844
46.96734, 25.939816
46.96737, 25.939815
46.967398, 25.939802
46.967431, 25.939796
46.96745, 25.939759
46.967471, 25.939785
46.967492, 25.939817
46.967519, 25.939817
46.967552, 25.939795
46.967581, 25.939787
46.967611, 25.939786
46.967655, 25.939811
46.967682, 25.939822
46.967715, 25.939832
46.96774, 25.93985
46.967769, 25.939858
46.967814, 25.939874
46.967848, 25.93989
46.967882, 25.939892
46.96791, 25.93991
46.96794, 25.939904
46.967968, 25.939917
46.968002, 25.93991
46.968048, 25.939916
46.968079, 25.939927
46.968109, 25.939904
46.968139, 25.939904
46.968168, 25.939891
46.968198, 25.939884
46.968228, 25.939904
46.968258, 25.939916
46.968294, 25.939919
46.968322, 25.939927
46.968348, 25.939942
46.968378, 25.939945
46.968407, 25.939955
46.968369, 25.939942
46.968393, 25.93992
46.968409, 25.93988
46.968389, 25.939849
46.968416, 25.939833
46.968435, 25.939802
46.968429, 25.939758
46.968462, 25.939747
46.968461, 25.939699
46.968445, 25.93966
46.96847, 25.939633
46.968499, 25.939619
46.968527, 25.939624
46.968547, 25.939597
46.968554, 25.939552
46.968527, 25.939535
46.968536, 25.939497
46.968555, 25.939466
46.968571, 25.939434
46.968588, 25.939401
46.968603, 25.939367
46.968632, 25.939362
46.96865, 25.939331
46.968681, 25.939304
46.968709, 25.939277
46.968744, 25.939282
46.968775, 25.939277
46.968795, 25.939307
46.968824, 25.939321
46.968854, 25.939316
46.968815, 25.939324
46.968778, 25.9393
46.96875, 25.939285
46.968719, 25.93926
46.968693, 25.93924
46.968661, 25.939246
46.968637, 25.939275
46.968603, 25.939276
46.968619, 25.939235
46.968594, 25.939216
46.968565, 25.939216
46.968546, 25.939173
46.9685, 25.939144
46.968481, 25.939112
46.968517, 25.939113
46.968528, 25.939067
46.968562, 25.939061
46.968589, 25.939069
46.968603, 25.939035
46.968645, 25.939024
46.96867, 25.938998
46.968696, 25.938976
46.968723, 25.938971
46.968738, 25.938932
46.968775, 25.938962
46.968791, 25.938927
46.968819, 25.938932
46.968829, 25.938886
46.968846, 25.938854
46.968877, 25.938849
46.968892, 25.938816
46.968922, 25.938805
46.968946, 25.938776
46.968944, 25.938736
46.968943, 25.938696
46.968935, 25.938649
46.968942, 25.938609
46.968921, 25.938577
46.968889, 25.938562
46.968864, 25.938544
46.968825, 25.938522
46.968799, 25.938496
46.968819, 25.938525
46.968782, 25.938511
46.968741, 25.938518
46.96871, 25.938527
46.968676, 25.938519
46.968651, 25.938499
46.968621, 25.938479
46.96859, 25.938481
46.968551, 25.938451
46.96853, 25.938423
46.968499, 25.938403
46.968474, 25.938386
46.968494, 25.938431
46.968469, 25.938416
46.968446, 25.938382
46.968406, 25.938371
46.968441, 25.9384
46.968412, 25.938368
46.968393, 25.93834
46.968335, 25.938302
46.968313, 25.938275
46.968279, 25.938251
46.96825, 25.938229
46.968224, 25.938198
46.968255, 25.93822
46.968218, 25.938208
46.968186, 25.93819
46.968139, 25.938166
46.968108, 25.938149
46.968078, 25.938138
46.968058, 25.938109
46.968088, 25.938117
46.968084, 25.938076
46.968081, 25.938034
46.968096, 25.937991
46.968122, 25.937972
46.968153, 25.937951
46.968182, 25.937927
46.968196, 25.93789
46.968211, 25.937857
46.968241, 25.937848
46.96827, 25.937842
46.968297, 25.937837
46.968326, 25.937848
46.968352, 25.937872
46.968379, 25.937848
46.968408, 25.937827
46.968453, 25.937831
46.968452, 25.93778
46.968476, 25.937811
46.968501, 25.937793
46.968533, 25.937807
46.968565, 25.937796
46.968594, 25.937808
46.968623, 25.93779
46.968653, 25.937771
46.968702, 25.937794
46.968733, 25.937774
46.968773, 25.937763
46.968804, 25.937758
46.968841, 25.937739
46.96887, 25.937734
46.968897, 25.937739
46.968933, 25.937724
46.968976, 25.937719
46.968976, 25.93767
46.969016, 25.937672
46.969047, 25.937686
46.969073, 25.937669
46.969101, 25.937664
46.969124, 25.937639
46.969164, 25.93764
46.969187, 25.937583
46.969215, 25.937571
46.969243, 25.937558
46.969271, 25.937546
46.969299, 25.937534
46.969327, 25.937522
46.969354, 25.937509
46.969382, 25.937497
46.96941, 25.937485
46.969438, 25.937473
46.969466, 25.93746
46.969494, 25.937448
46.969522, 25.937436
46.969554, 25.937444
46.969584, 25.937455
46.969608, 25.93749
46.969637, 25.937485
46.969678, 25.937485
46.969709, 25.937476
46.969738, 25.937471
46.969766, 25.937455
46.969795, 25.937456
46.969819, 25.937478
46.969867, 25.93746
46.969896, 25.937476
46.96992, 25.937496
46.969947, 25.93752
46.969977, 25.937532
46.969998, 25.937504
46.970022, 25.937477
46.970006, 25.937433
46.970022, 25.937392
46.970013, 25.93743
46.970048, 25.937416
46.970078, 25.937429
46.970078, 25.93747
46.97011, 25.937464
46.970137, 25.937469
46.970155, 25.937514
46.970182, 25.93753
46.970154, 25.937551
46.970187, 25.937578
46.970208, 25.937615
46.970235, 25.937627
46.970278, 25.93762
46.970305, 25.937588
46.970303, 25.937544
46.970328, 25.937523
46.970345, 25.937487
46.970382, 25.937503
46.970372, 25.937544
46.970353, 25.937574
46.970351, 25.937616
46.970381, 25.937631
46.970412, 25.937641
46.970451, 25.937622
46.970481, 25.93763
46.970505, 25.937656
46.97054, 25.93766
46.970575, 25.937647
46.970572, 25.937701
46.970587, 25.93774
46.970594, 25.937786
46.970617, 25.937812
46.97063, 25.937769
46.970649, 25.937734
46.970676, 25.937724
46.97072, 25.937728
46.970708, 25.937689
46.970713, 25.937642
46.97073, 25.937608
46.970729, 25.937568
46.970728, 25.937524
46.970729, 25.937478
46.97073, 25.93743
46.970745, 25.937387
46.970737, 25.937342
46.970767, 25.937324
46.970798, 25.937324
46.970818, 25.937285
46.97085, 25.93728
46.970892, 25.937273
46.97092, 25.937257
46.970959, 25.937253
46.970995, 25.937259
46.971013, 25.937225
46.971052, 25.937197
46.971089, 25.93719
46.97112, 25.937185
46.971144, 25.937205
46.971172, 25.93723
46.971205, 25.937208
46.971234, 25.937187
46.97127, 25.937196
46.971304, 25.937197
46.971338, 25.937192
46.97137, 25.937214
46.971399, 25.937232
46.971429, 25.937226
46.971454, 25.937201
46.971485, 25.93722
46.971528, 25.937243
46.971563, 25.93726
46.971622, 25.937314
46.971676, 25.937302
46.971692, 25.937294
46.971709, 25.937286
46.971726, 25.937278
46.971743, 25.93727
46.971759, 25.937262
46.971776, 25.937254
46.971793, 25.937246
46.97181, 25.937238
46.971826, 25.93723
46.971843, 25.937222
46.97186, 25.937214
46.971876, 25.937206
46.971893, 25.937198
46.97191, 25.93719
46.971927, 25.937182
46.971943, 25.937174
46.97196, 25.937166
46.971977, 25.937157
46.971994, 25.937149
46.97201, 25.937141
46.972027, 25.937133
46.972044, 25.937125
46.972061, 25.937117
46.972077, 25.937109
46.972094, 25.937101
46.972111, 25.937093
46.972127, 25.937085
46.972144, 25.937077
46.972161, 25.937069
46.972178, 25.937061
46.972194, 25.937053
46.972211, 25.937045
46.972228, 25.937037
46.972245, 25.937029
46.972261, 25.937021
46.972278, 25.937013
46.972327, 25.937011
46.972355, 25.937
46.972377, 25.936969
46.972422, 25.936955
46.972439, 25.936912
46.972452, 25.936855
46.972477, 25.936815
46.972495, 25.936785
46.97251, 25.936743
46.972531, 25.93671
46.972556, 25.936675
46.972589, 25.936651
46.972621, 25.936657
46.972637, 25.936619
46.972639, 25.936573
46.972607, 25.936562
46.972576, 25.936543
46.972602, 25.936569
46.972631, 25.936541
46.972658, 25.936536
46.972673, 25.936499
46.972669, 25.936456
46.972647, 25.936421
46.972632, 25.936386
46.972615, 25.936342
46.972606, 25.936304
46.97263, 25.936273
46.972629, 25.93623
46.97267, 25.936212
46.972699, 25.936221
46.972728, 25.936231
46.972766, 25.936229
46.972794, 25.936233
46.972804, 25.936192
46.972832, 25.936174
46.972803, 25.936115
46.972769, 25.936101
46.972792, 25.93607
46.972822, 25.936087
46.972848, 25.936065
46.972879, 25.936067
46.972848, 25.936044
46.972821, 25.936031
46.972811, 25.935989
46.972805, 25.935931
46.97281, 25.935887
46.972821, 25.935847
46.972842, 25.935815
46.972831, 25.935857
46.972862, 25.935904
46.972878, 25.935872
46.972863, 25.935833
46.972863, 25.935785
46.972886, 25.935759
46.972913, 25.935713
46.972904, 25.935674
46.972926, 25.935703
46.972948, 25.935735
46.972974, 25.935745
46.973001, 25.935754
46.97303, 25.935767
46.973052, 25.935736
46.973029, 25.935714
46.973028, 25.935672
46.973049, 25.935634
46.973068, 25.935568
46.973089, 25.935599
46.973104, 25.935631
46.973134, 25.935626
46.973124, 25.935586
46.973131, 25.935538
46.973132, 25.935496
46.973156, 25.935461
46.973164, 25.935529
46.973192, 25.935535
46.973194, 25.935576
46.973207, 25.935615
46.973162, 25.935626
46.973194, 25.935608
46.973211, 25.935567
46.973205, 25.935525
46.973204, 25.935482
46.973214, 25.935444
46.973232, 25.935413
46.97321, 25.935385
46.973184, 25.935354
46.973191, 25.935315
46.973224, 25.935291
46.973236, 25.935252
46.973215, 25.935219
46.973196, 25.935188
46.973166, 25.935192
46.973133, 25.935183
46.973115, 25.935216
46.973079, 25.935226
46.973105, 25.935213
46.973132, 25.935198
46.973133, 25.935148
46.973108, 25.935165
46.973104, 25.93512
46.973059, 25.935147
46.973025, 25.93517
46.973039, 25.935212
46.973069, 25.935203
46.973095, 25.93519
46.973081, 25.935225
46.973099, 25.935273
46.973072, 25.935248
46.973091, 25.93522
46.973089, 25.935176
46.973115, 25.9352
46.973143, 25.935207
46.973115, 25.935217
46.973089, 25.935198
46.973124, 25.935211
46.973153, 25.935207
46.973173, 25.93518
46.973154, 25.935229
46.973166, 25.935271
46.973134, 25.935282
46.973107, 25.935273
46.973138, 25.935269
46.973113, 25.935287
46.973129, 25.935325
46.973102, 25.935308
46.973074, 25.935314
46.973119, 25.935325
46.973164, 25.935319
46.973203, 25.935298
46.973226, 25.935278
46.973247, 25.935252
46.973275, 25.935241
46.973247, 25.93523
46.973267, 25.935197
46.973256, 25.935149
46.973258, 25.935106
46.973281, 25.935084
46.97328, 25.935039
46.973297, 25.934992
46.973328, 25.93495
46.973306, 25.934982
46.973279, 25.934993
46.973273, 25.935034
46.973306, 25.935035
46.973313, 25.93499
46.97334, 25.93498
46.973332, 25.934922
46.973346, 25.93487
46.973362, 25.934837
46.973389, 25.934824
46.97341, 25.9348
46.973417, 25.934758
46.973441, 25.93474
46.973451, 25.934703
46.973479, 25.934701
46.973514, 25.934674
46.973537, 25.934638
46.973554, 25.934598
46.97355, 25.93455
46.973564, 25.934511
46.973589, 25.934497
46.97361, 25.934469
46.973641, 25.934471
46.973672, 25.934438
46.973691, 25.934378
46.973716, 25.934348
46.973733, 25.934316
46.973733, 25.934265
46.973735, 25.934224
46.973737, 25.934182
46.973732, 25.934133
46.973735, 25.934084
46.97376, 25.934045
46.973764, 25.934004
46.973766, 25.933958
46.973757, 25.933917
46.973762, 25.933858
46.973772, 25.93382
46.973802, 25.93381
46.973811, 25.933763
46.973815, 25.933711
46.97381, 25.93367
46.973799, 25.933626
46.973806, 25.933578
46.973804, 25.933523
46.973808, 25.933478
46.973799, 25.933429
46.973786, 25.93338
46.973801, 25.933336
46.973837, 25.933303
46.973857, 25.93327
46.973882, 25.933246
46.973899, 25.933214
46.97392, 25.933168
46.973959, 25.933122
46.973981, 25.933096
46.973998, 25.933062
46.974023, 25.933027
46.974028, 25.932987
46.974049, 25.932961
46.974056, 25.932921
46.97405, 25.932874
46.974048, 25.932829
46.974067, 25.932797
46.974097, 25.932789
46.97413, 25.932782
46.974145, 25.932742
46.974174, 25.932719
46.974185, 25.932665
46.974215, 25.932658
46.974243, 25.932677
46.974289, 25.932657
46.974324, 25.932649
46.974352, 25.932635
46.974378, 25.932622
46.974398, 25.932591
46.974402, 25.932549
46.97443, 25.932548
46.974448, 25.932516
46.97448, 25.932524
46.974514, 25.932512
46.974543, 25.932511
46.974572, 25.932494
46.974595, 25.932462
46.974617, 25.932434
46.974648, 25.932405
46.974668, 25.932359
46.974694, 25.932345
46.974732, 25.93235
46.974762, 25.932355
46.974789, 25.932328
46.974822, 25.932331
46.974848, 25.932309
46.97488, 25.932293
46.974904, 25.932266
46.974948, 25.932253
46.974996, 25.932235
46.975008, 25.932199
46.975036, 25.932184
46.97506, 25.932163
46.97509, 25.932167
46.975119, 25.932171
46.975148, 25.932161
46.975173, 25.932142
46.975218, 25.932145
46.975252, 25.93213
46.975281, 25.932148
46.975309, 25.932142
46.975335, 25.93213
46.975366, 25.932125
46.975366, 25.932168
46.975398, 25.932195
46.97543, 25.932216
46.975456, 25.932248
46.975486, 25.932266
46.975509, 25.932304
46.975533, 25.932324
46.975556, 25.93235
46.975585, 25.932375
46.975612, 25.932374
46.975644, 25.932361
46.975671, 25.932353
46.975698, 25.93238
46.975721, 25.932407
46.975757, 25.932402
46.975785, 25.932414
46.975814, 25.932429
46.975852, 25.932435
46.975885, 25.932429
46.975916, 25.93243
46.975944, 25.932434
46.97597, 25.932418
46.976006, 25.932401
46.976026, 25.932373
46.976056, 25.932385
46.976114, 25.932383
46.976159, 25.932385
46.976184, 25.932401
46.97622, 25.932435
46.976245, 25.932458
46.976269, 25.932478
46.976296, 25.93251
46.976312, 25.932551
46.976343, 25.932582
46.976357, 25.932621
46.976386, 25.932638
46.976367, 25.932668
46.976363, 25.932709
46.97637, 25.932751
46.976397, 25.932764
46.976427, 25.932802
46.976462, 25.932813
46.976485, 25.932842
46.976511, 25.932873
46.976518, 25.93292
46.976507, 25.932956
46.976499, 25.933003
46.976516, 25.933042
46.976539, 25.933067
46.976569, 25.933098
46.976575, 25.933139
46.976582, 25.933187
46.976608, 25.933204
46.976638, 25.933231
46.976661, 25.933252
46.976713, 25.933258
46.976743, 25.933257
46.976767, 25.933283
46.976795, 25.93329
46.976819, 25.933266
46.976852, 25.933251
46.976876, 25.933211
46.976905, 25.933221
46.976936, 25.933233
46.976973, 25.933232
46.976997, 25.933257
46.977, 25.93331
46.977021, 25.933354
46.977006, 25.933399
46.977027, 25.933434
46.977051, 25.933454
46.977079, 25.933476
46.977112, 25.933476
46.977141, 25.933453
46.977169, 25.933474
46.977197, 25.93352
46.977223, 25.933535
46.977251, 25.933545
46.97728, 25.933578
46.977303, 25.933613
46.977332, 25.93363
46.977362, 25.933649
46.977391, 25.933666
46.977414, 25.933689
46.977436, 25.933721
46.977462, 25.933738
46.977488, 25.933728
46.977516, 25.933748
46.977556, 25.933739
46.977577, 25.933708
46.977598, 25.933744
46.977611, 25.933784
46.977638, 25.933811
46.977665, 25.933801
46.97769, 25.93384
46.977719, 25.933844
46.977746, 25.933865
46.977772, 25.933885
46.9778, 25.933899
46.977829, 25.93392
46.977861, 25.933946
46.977905, 25.933985
46.97792, 25.934014
46.977935, 25.934042
46.977951, 25.934071
46.977966, 25.934099
46.977981, 25.934128
46.977996, 25.934156
46.978011, 25.934185
46.97803, 25.934223
46.97806, 25.934244
46.978095, 25.934219
46.978127, 25.934201
46.978147, 25.934174
46.978157, 25.934124
46.978181, 25.934095
46.978206, 25.934068
46.978245, 25.93404
46.978266, 25.934078
46.978313, 25.934083
46.978345, 25.93409
46.978359, 25.934124
46.978382, 25.934158
46.978407, 25.934182
46.978439, 25.934181
46.978466, 25.934183
46.978496, 25.934191
46.978525, 25.934199
46.978557, 25.934221
46.978584, 25.934248
46.978613, 25.934226
46.978647, 25.934206
46.978675, 25.934187
46.978704, 25.934184
46.978734, 25.934192
46.978763, 25.934182
46.978779, 25.934228
46.978807, 25.934253
46.978842, 25.934223
46.978864, 25.934252
46.978889, 25.934273
46.978916, 25.934301
46.978942, 25.934282
46.978937, 25.934321
46.978957, 25.93435
46.978973, 25.934396
46.978971, 25.934437
46.978947, 25.934456
46.978933, 25.934499
46.978944, 25.93454
46.978966, 25.934582
46.978988, 25.934604
46.979012, 25.934634
46.979039, 25.934616
46.979069, 25.934636
46.979064, 25.93468
46.979074, 25.934719
46.979082, 25.934765
46.979059, 25.93479
46.979078, 25.93482
46.979114, 25.934813
46.979138, 25.934859
46.979148, 25.934896
46.97917, 25.93492
46.979211, 25.934933
46.979238, 25.934968
46.979261, 25.935002
46.979268, 25.935045
46.979308, 25.935043
46.979337, 25.935059
46.979366, 25.935035
46.97938, 25.934999
46.979399, 25.934969
46.979443, 25.934981
46.979475, 25.934991
46.979506, 25.934986
46.979537, 25.935008
46.979571, 25.934995
46.979603, 25.934996
46.979635, 25.935001
46.979674, 25.934992
46.979703, 25.934988
46.979733, 25.934986
46.979761, 25.934999
46.979791, 25.935006
46.979826, 25.935015
46.979865, 25.935017
46.9799, 25.935009
46.979937, 25.935012
46.979961, 25.934986
46.979983, 25.934957
46.980009, 25.934937
46.980047, 25.934959
46.98008, 25.934984
46.980116, 25.93501
46.980145, 25.935014
46.980174, 25.935028
46.980201, 25.93504
46.980224, 25.935067
46.98025, 25.935084
46.98028, 25.935069
46.980309, 25.935061
46.980335, 25.935076
46.980367, 25.935126
46.980394, 25.935139
46.980417, 25.935162
46.980431, 25.935203
46.980452, 25.935235
46.98047, 25.93527
46.980481, 25.935311
46.980508, 25.935302
46.980539, 25.93531
46.980575, 25.935311
46.980602, 25.935293
46.98063, 25.93528
46.980675, 25.935279
46.980701, 25.935291
46.980724, 25.935319
46.980751, 25.935332
46.980784, 25.93533
46.98081, 25.935348
46.98084, 25.935366
46.980868, 25.93539
46.980901, 25.935401
46.980918, 25.935435
46.980963, 25.935427
46.980991, 25.93542
46.981018, 25.935421
46.981047, 25.935412
46.981074, 25.935425
46.981103, 25.935427
46.981131, 25.935423
46.981158, 25.935444
46.981185, 25.935461
46.981211, 25.935473
46.981247, 25.935474
46.981277, 25.935471
46.981313, 25.935462
46.981354, 25.935484
46.981395, 25.935493
46.98143, 25.935495
46.981464, 25.935498
46.981491, 25.935486
46.981524, 25.935478
46.981552, 25.935467
46.981585, 25.935467
46.981609, 25.935486
46.981638, 25.935502
46.981668, 25.935515
46.981704, 25.93552
46.981738, 25.935534
46.981763, 25.935555
46.981793, 25.935577
46.981821, 25.935583
46.981855, 25.935592
46.981884, 25.935597
46.981913, 25.935613
46.981932, 25.935644
46.981964, 25.935664
46.981994, 25.935671
46.982012, 25.935702
46.982039, 25.935711
46.982065, 25.935729
46.9821, 25.935738
46.982128, 25.935735
46.982167, 25.935761
46.982192, 25.935787
46.982225, 25.935799
46.982263, 25.935806
46.982294, 25.93582
46.982322, 25.935808
46.982349, 25.9358
46.982379, 25.935796
46.982413, 25.935802
46.982451, 25.935799
46.982478, 25.935827
46.982529, 25.935818
46.982571, 25.935808
46.982598, 25.935805
46.982636, 25.935811
46.982668, 25.935808
46.982697, 25.935809
46.982721, 25.935784
46.982748, 25.935785
46.982778, 25.935762
46.98282, 25.935759
46.982857, 25.935747
46.982879, 25.935698
46.982905, 25.935673
46.982941, 25.935663
46.982977, 25.935659
46.983011, 25.935668
46.983043, 25.935659
46.983071, 25.935653
46.983102, 25.935662
46.983132, 25.935671
46.983175, 25.935689
46.983218, 25.935721
46.983247, 25.93576
46.98328, 25.935762
46.983304, 25.935741
46.983339, 25.935761
46.983374, 25.935783
46.983401, 25.935788
46.983431, 25.935787
46.98347, 25.935803
46.983492, 25.935827
46.983511, 25.935862
46.983541, 25.93588
46.983565, 25.935902
46.983593, 25.935912
46.983623, 25.935927
46.983656, 25.935926
46.983687, 25.935941
46.983723, 25.935961
46.983767, 25.935976
46.983793, 25.935988
46.983825, 25.935994
46.983857, 25.936001
46.983896, 25.936014
46.983927, 25.936028
46.983966, 25.936038
46.984004, 25.936037
46.984038, 25.936042
46.984074, 25.936049
46.984108, 25.936041
46.984135, 25.93604
46.984157, 25.936075
46.984195, 25.936099
46.984228, 25.936125
46.984259, 25.936115
46.984302, 25.936139
46.984334, 25.936192
46.984359, 25.936252
46.984388, 25.936278
46.984421, 25.936305
46.984443, 25.936334
46.984463, 25.936363
46.984494, 25.936389
46.984511, 25.936421
46.984536, 25.936449
46.984558, 25.936474
46.98456, 25.93652
46.984583, 25.93656
46.984555, 25.936585
46.984582, 25.936608
46.984591, 25.93666
46.984597, 25.936706
46.98462, 25.936731
46.984641, 25.936767
46.984683, 25.936793
46.984718, 25.936808
46.984749, 25.936811
46.984764, 25.936848
46.984789, 25.936883
46.984815, 25.936912
46.984847, 25.936931
46.984869, 25.936966
46.984895, 25.936983
46.984924, 25.936993
46.984956, 25.937006
46.984992, 25.937004
46.985022, 25.93702
46.985058, 25.937037
46.985085, 25.937053
46.985113, 25.93707
46.98514, 25.93709
46.985173, 25.937075
46.985205, 25.937082
46.985233, 25.937093
46.98526, 25.937102
46.98529, 25.93709
46.985302, 25.937136
46.985314, 25.937176
46.985326, 25.937216
46.985356, 25.93724
46.985386, 25.937241
46.985405, 25.93727
46.985434, 25.937276
46.985465, 25.937263
46.985496, 25.937238
46.985522, 25.937218
46.985549, 25.937241
46.985587, 25.937263
46.985616, 25.937279
46.985646, 25.937296
46.985685, 25.937308
46.985719, 25.93732
46.985765, 25.937303
46.985792, 25.937322
46.985816, 25.937341
46.985849, 25.937356
46.98588, 25.937356
46.98591, 25.937349
46.985945, 25.937356
46.985984, 25.937378
46.986018, 25.93735
46.986047, 25.937341
46.986077, 25.937359
46.986106, 25.937374
46.986146, 25.937384
46.986178, 25.937405
46.986207, 25.93743
46.986246, 25.93743
46.986283, 25.937435
46.98631, 25.937456
46.986335, 25.937477
46.986364, 25.937466
46.986402, 25.937482
46.986434, 25.937485
46.986463, 25.937474
46.986493, 25.937488
46.986517, 25.937462
46.98656, 25.937465
46.986589, 25.937474
46.986631, 25.937474
46.986663, 25.937488
46.98669, 25.937498
46.986715, 25.937479
46.98675, 25.937488
46.986782, 25.937504
46.986814, 25.937516
46.986842, 25.937502
46.986864, 25.937465
46.986897, 25.937464
46.986915, 25.937432
46.986938, 25.937455
46.986973, 25.937475
46.987006, 25.937484
46.987047, 25.937493
46.987078, 25.937511
46.987121, 25.937531
46.98715, 25.937573
46.987174, 25.937592
46.987196, 25.937631
46.987218, 25.937676
46.987223, 25.937722
46.987218, 25.937779
46.987216, 25.937829
46.987211, 25.937868
46.987204, 25.937914
46.987196, 25.937954
46.98724, 25.938001
46.987272, 25.938023
46.987305, 25.938061
46.987324, 25.938091
46.987328, 25.938131
46.987344, 25.938163
46.987374, 25.938196
46.987394, 25.93823
46.987404, 25.938272
46.987434, 25.938304
46.987457, 25.938339
46.987481, 25.938368
46.987491, 25.93842
46.987511, 25.938456
46.987543, 25.938454
46.987521, 25.938479
46.987525, 25.938438
46.987552, 25.938448
46.987579, 25.938435
46.987615, 25.938425
46.987643, 25.93843
46.987678, 25.938425
46.987705, 25.938428
46.987737, 25.938433
46.987767, 25.938441
46.987792, 25.93846
46.987813, 25.938496
46.987835, 25.938522
46.987867, 25.938523
46.987894, 25.938513
46.987925, 25.938497
46.987953, 25.938493
46.987981, 25.938498
46.988028, 25.938504
46.988054, 25.938513
46.988085, 25.938501
46.988115, 25.938496
46.988141, 25.938471
46.988126, 25.938429
46.988152, 25.938407
46.988179, 25.938418
46.988217, 25.938423
46.988255, 25.938438
46.988289, 25.938455
46.988322, 25.938449
46.988356, 25.938454
46.988393, 25.938435
46.988364, 25.938412
46.988375, 25.938365
46.988401, 25.938342
46.988417, 25.938301
46.988445, 25.93827
46.988474, 25.938281
46.988508, 25.938285
46.988541, 25.938296
46.988571, 25.938328
46.988611, 25.938335
46.988638, 25.938332
46.988663, 25.938352
46.988693, 25.938355
46.988747, 25.938361
46.988753, 25.938319
46.988756, 25.938277
46.988767, 25.938237
46.98879, 25.938211
46.988817, 25.938201
46.988847, 25.938191
46.988851, 25.938152
46.988881, 25.938138
46.988907, 25.938114
46.988908, 25.938073
46.988936, 25.938063
46.988979, 25.938053
46.989006, 25.938064
46.989025, 25.938092
46.989052, 25.938102
46.989086, 25.938112
46.989093, 25.938159
46.989125, 25.938179
46.989159, 25.938201
46.989184, 25.938225
46.989204, 25.938269
46.989234, 25.938306
46.989264, 25.938279
46.989299, 25.938265
46.989304, 25.938214
46.989332, 25.938182
46.989359, 25.938169
46.989383, 25.938133
46.989412, 25.938127
46.98944, 25.938118
46.989444, 25.938158
46.989424, 25.938124
46.98945, 25.938091
46.989438, 25.938056
46.989465, 25.938033
46.98946, 25.937991
46.989453, 25.937951
46.989436, 25.937914
46.989437, 25.937867
46.989412, 25.937841
46.989423, 25.937799
46.989452, 25.937823
46.989485, 25.937839
46.989512, 25.937863
46.989547, 25.937853
46.989593, 25.937863
46.989631, 25.937884
46.989653, 25.937858
46.989683, 25.937811
46.98971, 25.937841
46.989753, 25.937857
46.989764, 25.937805
46.989791, 25.937815
46.989817, 25.937825
46.989845, 25.937814
46.989864, 25.93785
46.989911, 25.937855
46.989938, 25.937841
46.989972, 25.937828
46.990001, 25.937808
46.990024, 25.937787
46.990061, 25.937783
46.990112, 25.937774
46.990152, 25.937794
46.990184, 25.937786
46.990231, 25.937747
46.990252, 25.937712
46.990277, 25.937681
46.990277, 25.937641
46.990262, 25.937598
46.990281, 25.937559
46.990282, 25.937515
46.990305, 25.93749
46.990285, 25.937462
46.99026, 25.937423
46.990274, 25.937384
46.990285, 25.937343
46.990316, 25.937324
46.99033, 25.937279
46.99035, 25.937233
46.990367, 25.937189
46.990346, 25.937149
46.990371, 25.937134
46.990405, 25.937105
46.990426, 25.937075
46.990453, 25.937071
46.990483, 25.93706
46.990512, 25.93705
46.990535, 25.937024
46.990562, 25.937006
46.990556, 25.936966
46.990583, 25.936961
46.990612, 25.936957
46.990641, 25.93694
46.990665, 25.936916
46.990686, 25.936867
46.990716, 25.936835
46.990721, 25.93678
46.990754, 25.936794
46.990781, 25.936761
46.990806, 25.936733
46.990853, 25.936703
46.990883, 25.936678
46.990917, 25.936665
46.990945, 25.936646
46.99098, 25.936646
46.991006, 25.936623
46.991025, 25.936595
46.991051, 25.936553
46.991083, 25.936545
46.991111, 25.936508
46.991132, 25.936464
46.991128, 25.936424
46.991127, 25.936384
46.991154, 25.936345
46.991148, 25.936303
46.991179, 25.936278
46.991205, 25.936261
46.991232, 25.936256
46.991259, 25.936224
46.991268, 25.936183
46.991288, 25.936136
46.991304, 25.936105
46.991332, 25.936075
46.991356, 25.936048
46.991356, 25.936008
46.991402, 25.935993
46.991414, 25.935938
46.991444, 25.935892
46.991472, 25.935874
46.99148, 25.935834
46.991496, 25.935801
46.991524, 25.935796
46.991553, 25.935769
46.991557, 25.935713
46.991579, 25.935669
46.991566, 25.935634
46.991576, 25.93559
46.99162, 25.935577
46.991648, 25.93556
46.991686, 25.93555
46.991719, 25.935536
46.991757, 25.93553
46.991784, 25.935521
46.991802, 25.935481
46.991823, 25.935451
46.991862, 25.935451
46.991901, 25.93545
46.991921, 25.935416
46.991952, 25.935413
46.991953, 25.935365
46.991984, 25.935333
46.992016, 25.93533
46.992043, 25.935323
46.992068, 25.935291
46.99205, 25.935261
46.99207, 25.935206
46.992103, 25.935189
46.99214, 25.935185
46.992167, 25.935168
46.992196, 25.935155
46.992223, 25.935145
46.99225, 25.935117
46.992274, 25.935082
46.992306, 25.935069
46.992338, 25.935053
46.992347, 25.935009
46.99238, 25.93498
46.992406, 25.934944
46.992431, 25.934918
46.992462, 25.934909
46.992472, 25.934863
46.992494, 25.934828
46.992516, 25.934795
46.99255, 25.934778
46.992588, 25.934768
46.992618, 25.934766
46.992641, 25.934739
46.992654, 25.934699
46.992667, 25.934656
46.992694, 25.934624
46.992723, 25.934595
46.992753, 25.934578
46.99279, 25.934561
46.992812, 25.934534
46.992848, 25.934527
46.992871, 25.9345
46.992889, 25.934458
46.99292, 25.934451
46.99289, 25.93441
46.992929, 25.934385
46.992966, 25.934362
46.992995, 25.934362
46.993021, 25.934322
46.993046, 25.934296
46.993079, 25.934274
46.993106, 25.934259
46.99312, 25.934219
46.993146, 25.934175
46.993163, 25.93414
46.993209, 25.93414
46.993247, 25.934136
46.993287, 25.934143
46.993311, 25.934095
46.993336, 25.934063
46.993363, 25.934042
46.993413, 25.934033
46.993449, 25.934036
46.993483, 25.934021
46.993483, 25.93397
46.993517, 25.933933
46.993543, 25.933895
46.993572, 25.933878
46.993606, 25.933869
46.993644, 25.933847
46.993671, 25.933837
46.993701, 25.9338
46.99371, 25.933754
46.993736, 25.93371
46.993755, 25.933664
46.993779, 25.933641
46.993802, 25.933618
46.993839, 25.93359
46.993865, 25.933571
46.993847, 25.933534
46.993865, 25.933488
46.993895, 25.933467
46.99392, 25.933444
46.993944, 25.933426
46.993964, 25.933384
46.993995, 25.933361
46.994003, 25.933322
46.994009, 25.933274
46.994027, 25.933241
46.994045, 25.933203
46.994047, 25.933163
46.994034, 25.933114
46.99404, 25.933063
46.994057, 25.933028
46.994037, 25.932986
46.994046, 25.932909
46.994068, 25.932863
46.994067, 25.932818
46.994099, 25.93276
46.99411, 25.932719
46.994122, 25.932676
46.994132, 25.932616
46.994156, 25.93258
46.99413, 25.932563
46.994149, 25.932525
46.994179, 25.932493
46.99421, 25.932475
46.994239, 25.932432
46.994263, 25.932413
46.994284, 25.932378
46.994298, 25.932342
46.994332, 25.93231
46.994358, 25.932283
46.994393, 25.932265
46.99443, 25.932251
46.994467, 25.932247
46.994486, 25.932218
46.994513, 25.932225
46.99454, 25.932228
46.994595, 25.93222
46.994632, 25.932205
46.994654, 25.932173
46.994673, 25.932144
46.994694, 25.932112
46.994705, 25.932066
46.994727, 25.932035
46.994713, 25.932001
46.994735, 25.931951
46.994759, 25.931929
46.994765, 25.931887
46.994754, 25.93184
46.994725, 25.931793
46.994747, 25.931768
46.994781, 25.931756
46.994811, 25.931765
46.994851, 25.931743
46.994873, 25.931711
46.994904, 25.931698
46.994936, 25.931678
46.99496, 25.931649
46.994991, 25.931612
46.994968, 25.931582
46.994981, 25.931547
46.994964, 25.931499
46.994978, 25.931464
46.994994, 25.931423
46.995012, 25.931388
46.995025, 25.931341
46.995047, 25.931316
46.995074, 25.931285
46.995097, 25.93124
46.99512, 25.931197
46.995124, 25.931156
46.995172, 25.93115
46.995197, 25.931133
46.995236, 25.931131
46.995265, 25.931109
46.995293, 25.931089
46.995307, 25.931048
46.995338, 25.931008
46.995368, 25.930989
46.995387, 25.930943
46.995399, 25.93089
46.995405, 25.930849
46.99543, 25.930816
46.995457, 25.930794
46.995479, 25.930761
46.995501, 25.930706
46.995503, 25.930647
46.995515, 25.930605
46.995521, 25.930555
46.995542, 25.930507
46.995562, 25.930471
46.995578, 25.930432
46.9956, 25.930386
46.995632, 25.930364
46.995668, 25.930372
46.995709, 25.930357
46.995739, 25.930356
46.995771, 25.93033
46.995802, 25.930299
46.995819, 25.930251
46.995832, 25.930205
46.995868, 25.930219
46.995894, 25.930199
46.995918, 25.930179
46.995945, 25.930158
46.995959, 25.93012
46.995974, 25.930075
46.995989, 25.930032
46.996006, 25.929988
46.996004, 25.929935
46.996006, 25.929895
46.996003, 25.92985
46.996018, 25.929805
46.996039, 25.92976
46.996049, 25.929722
46.996039, 25.929676
46.99607, 25.929671
46.996085, 25.929636
46.996116, 25.929606
46.996139, 25.92958
46.996165, 25.929544
46.996191, 25.929505
46.996217, 25.929481
46.99625, 25.929461
46.996286, 25.929436
46.996318, 25.929414
46.996348, 25.929385
46.996339, 25.929345
46.996367, 25.929307
46.996379, 25.929267
46.996365, 25.929218
46.996379, 25.929175
46.996381, 25.929132
46.9964, 25.929102
46.996432, 25.929084
46.996425, 25.929044
46.996426, 25.928993
46.996437, 25.928945
46.996446, 25.928894
46.996466, 25.928861
46.996499, 25.928856
46.996522, 25.928821
46.996536, 25.928777
46.99654, 25.928711
46.996543, 25.92867
46.996555, 25.928628
46.996575, 25.928597
46.996597, 25.928563
46.99661, 25.92852
46.99661, 25.928462
46.996614, 25.928421
46.996631, 25.928391
46.996636, 25.928347
46.996659, 25.928309
46.996671, 25.928262
46.996662, 25.928217
46.996671, 25.92816
46.996675, 25.92812
46.9967, 25.928074
46.996715, 25.928036
46.996739, 25.92801
46.996742, 25.927967
46.996732, 25.927915
46.99675, 25.92787
46.996764, 25.927833
46.996785, 25.927799
46.996795, 25.927753
46.996798, 25.927704
46.996819, 25.927656
46.99683, 25.927619
46.996854, 25.927582
46.996857, 25.927539
46.99686, 25.927499
46.996883, 25.927477
46.996902, 25.927436
46.996895, 25.927373
46.996875, 25.927341
46.996889, 25.927297
46.996895, 25.927254
46.996916, 25.927229
46.996916, 25.927181
46.996935, 25.927136
46.996939, 25.927083
46.996939, 25.927035
46.996946, 25.926974
46.996973, 25.926946
46.99698, 25.926904
46.99699, 25.926857
46.997008, 25.926818
46.99699, 25.926785
46.997002, 25.926743
46.996996, 25.926697
46.996988, 25.926657
46.997009, 25.926613
46.99703, 25.926587
46.997036, 25.926544
46.997058, 25.926508
46.997031, 25.92649
46.997041, 25.926453
46.997081, 25.926466
46.997103, 25.9265
46.997084, 25.926571
46.997108, 25.926599
46.997148, 25.926614
46.997183, 25.926642
46.997221, 25.926663
46.997238, 25.926699
46.997262, 25.92672
46.997289, 25.926729
46.99729, 25.926676
46.997303, 25.926638
46.997333, 25.926656
46.997366, 25.926687
46.997422, 25.926708
46.997446, 25.926729
46.99742, 25.926717
46.997387, 25.926695
46.997354, 25.92673
46.997339, 25.926774
46.997314, 25.926792
46.997309, 25.926839
46.99732, 25.92688
46.997325, 25.926836
46.997354, 25.92683
46.997386, 25.926838
46.997396, 25.9268
46.997381, 25.926763
46.997411, 25.926768
46.997424, 25.926732
46.997427, 25.926683
46.997435, 25.926641
46.997455, 25.926597
46.997468, 25.92656
46.997479, 25.926522
46.997508, 25.926494
46.99752, 25.92645
46.997521, 25.926407
46.997515, 25.926367
46.997511, 25.926324
46.997532, 25.926356
46.99756, 25.926386
46.99759, 25.926409
46.997587, 25.926369
46.997584, 25.926409
46.997505, 25.926591
46.997574, 25.926435
46.997563, 25.926483
46.997553, 25.926528
46.997579, 25.926496
46.997602, 25.926445
46.997579, 25.926419
46.997553, 25.926397
46.99755, 25.926353
46.997552, 25.926304
46.997539, 25.926267
46.997537, 25.926227
46.997525, 25.926189
46.997502, 25.926166
46.997496, 25.926114
46.997492, 25.926068
46.997486, 25.926012
46.997483, 25.925972
46.997491, 25.925931
46.997473, 25.925877
46.997449, 25.925836
46.997461, 25.925785
46.997438, 25.925747
46.997413, 25.925725
46.997422, 25.925671
46.99744, 25.925636
46.997437, 25.925579
46.997452, 25.925535
46.99746, 25.925495
46.997475, 25.925445
46.997484, 25.925405
46.997489, 25.925357
46.997514, 25.925339
46.997533, 25.92528
46.997555, 25.925245
46.997582, 25.925225
46.997617, 25.925209
46.997649, 25.925223
46.997667, 25.925255
46.997697, 25.925257
46.997723, 25.925272
46.997739, 25.925305
46.99779, 25.925333
46.997819, 25.925368
46.997847, 25.925375
46.997865, 25.925418
46.997883, 25.925448
46.997919, 25.92546
46.997946, 25.92548
46.997973, 25.9255
